Using argument nginx
using  args: threads=4 and connections=512 and duration=30 and requests=4000
Running 30s test @ http://10.10.1.4:5000
  4 threads and 512 connections
  Thread calibration: mean lat.: 2.161ms, rate sampling interval: 10ms
  Thread calibration: mean lat.: 2.122ms, rate sampling interval: 10ms
  Thread calibration: mean lat.: 2.106ms, rate sampling interval: 10ms
  Thread calibration: mean lat.: 2.146ms, rate sampling interval: 10ms
  Thread Stats   Avg      Stdev     99%   +/- Stdev
    Latency     2.12ms    1.40ms   6.86ms   82.77%
    Req/Sec     1.06k   338.41     1.90k    65.06%
  Latency Distribution (HdrHistogram - Recorded Latency)
 50.000%    1.57ms
 75.000%    2.77ms
 90.000%    4.09ms
 99.000%    6.86ms
 99.900%    8.71ms
 99.990%   10.47ms
 99.999%   16.27ms
100.000%   17.12ms

  Detailed Percentile spectrum:
       Value   Percentile   TotalCount 1/(1-Percentile)

       0.349     0.000000            1         1.00
       0.821     0.100000         8061         1.11
       0.986     0.200000        15992         1.25
       1.309     0.300000        23961         1.43
       1.433     0.400000        31960         1.67
       1.572     0.500000        39919         2.00
       1.675     0.550000        43907         2.22
       1.873     0.600000        47896         2.50
       2.201     0.650000        51910         2.86
       2.495     0.700000        55899         3.33
       2.773     0.750000        59880         4.00
       2.935     0.775000        61886         4.44
       3.115     0.800000        63877         5.00
       3.307     0.825000        65867         5.71
       3.529     0.850000        67855         6.67
       3.779     0.875000        69847         8.00
       3.931     0.887500        70852         8.89
       4.085     0.900000        71850        10.00
       4.279     0.912500        72853        11.43
       4.491     0.925000        73840        13.33
       4.735     0.937500        74838        16.00
       4.879     0.943750        75350        17.78
       5.031     0.950000        75839        20.00
       5.203     0.956250        76335        22.86
       5.403     0.962500        76836        26.67
       5.623     0.968750        77334        32.00
       5.751     0.971875        77584        35.56
       5.911     0.975000        77830        40.00
       6.059     0.978125        78082        45.71
       6.227     0.981250        78331        53.33
       6.407     0.984375        78583        64.00
       6.503     0.985938        78703        71.11
       6.631     0.987500        78832        80.00
       6.771     0.989062        78954        91.43
       6.927     0.990625        79078       106.67
       7.059     0.992188        79203       128.00
       7.167     0.992969        79265       142.22
       7.271     0.993750        79327       160.00
       7.387     0.994531        79389       182.86
       7.535     0.995313        79452       213.33
       7.675     0.996094        79514       256.00
       7.755     0.996484        79546       284.44
       7.851     0.996875        79576       320.00
       7.963     0.997266        79608       365.71
       8.067     0.997656        79639       426.67
       8.199     0.998047        79672       512.00
       8.287     0.998242        79685       568.89
       8.399     0.998437        79702       640.00
       8.511     0.998633        79716       731.43
       8.615     0.998828        79732       853.33
       8.735     0.999023        79748      1024.00
       8.855     0.999121        79755      1137.78
       8.911     0.999219        79763      1280.00
       9.031     0.999316        79771      1462.86
       9.127     0.999414        79779      1706.67
       9.239     0.999512        79788      2048.00
       9.311     0.999561        79790      2275.56
       9.359     0.999609        79794      2560.00
       9.463     0.999658        79798      2925.71
       9.855     0.999707        79802      3413.33
       9.887     0.999756        79806      4096.00
       9.919     0.999780        79808      4551.11
       9.975     0.999805        79810      5120.00
      10.079     0.999829        79812      5851.43
      10.111     0.999854        79814      6826.67
      10.375     0.999878        79816      8192.00
      10.471     0.999890        79817      9102.22
      10.583     0.999902        79818     10240.00
      10.767     0.999915        79819     11702.86
      11.767     0.999927        79820     13653.33
      12.975     0.999939        79821     16384.00
      12.975     0.999945        79821     18204.44
      14.071     0.999951        79822     20480.00
      14.071     0.999957        79822     23405.71
      14.207     0.999963        79823     27306.67
      14.207     0.999969        79823     32768.00
      14.207     0.999973        79823     36408.89
      16.271     0.999976        79824     40960.00
      16.271     0.999979        79824     46811.43
      16.271     0.999982        79824     54613.33
      16.271     0.999985        79824     65536.00
      16.271     0.999986        79824     72817.78
      17.119     0.999988        79825     81920.00
      17.119     1.000000        79825          inf
#[Mean    =        2.124, StdDeviation   =        1.399]
#[Max     =       17.104, Total count    =        79825]
#[Buckets =           27, SubBuckets     =         2048]
----------------------------------------------------------
  118951 requests in 30.00s, 49.23MB read
Requests/sec:   3964.93
Transfer/sec:      1.64MB
