Using argument nginx
using  args: threads=4 and connections=512 and duration=30 and requests=1000
Running 30s test @ http://10.10.1.4:5000
  4 threads and 512 connections
  Thread calibration: mean lat.: 2.000ms, rate sampling interval: 10ms
  Thread calibration: mean lat.: 2.035ms, rate sampling interval: 10ms
  Thread calibration: mean lat.: 2.002ms, rate sampling interval: 10ms
  Thread calibration: mean lat.: 2.010ms, rate sampling interval: 10ms
  Thread Stats   Avg      Stdev     99%   +/- Stdev
    Latency     2.01ms    1.11ms   5.27ms   71.74%
    Req/Sec   264.20    165.72   700.00     74.75%
  Latency Distribution (HdrHistogram - Recorded Latency)
 50.000%    1.56ms
 75.000%    2.78ms
 90.000%    3.68ms
 99.000%    5.27ms
 99.900%    6.22ms
 99.990%    7.33ms
 99.999%    8.85ms
100.000%    8.85ms

  Detailed Percentile spectrum:
       Value   Percentile   TotalCount 1/(1-Percentile)

       0.391     0.000000            1         1.00
       0.896     0.100000         1994         1.11
       1.076     0.200000         3990         1.25
       1.341     0.300000         5979         1.43
       1.452     0.400000         7980         1.67
       1.560     0.500000         9968         2.00
       1.629     0.550000        10974         2.22
       1.738     0.600000        11962         2.50
       1.973     0.650000        12955         2.86
       2.501     0.700000        13952         3.33
       2.783     0.750000        14946         4.00
       2.915     0.775000        15450         4.44
       3.041     0.800000        15943         5.00
       3.169     0.825000        16447         5.71
       3.313     0.850000        16944         6.67
       3.487     0.875000        17439         8.00
       3.583     0.887500        17690         8.89
       3.683     0.900000        17939        10.00
       3.781     0.912500        18190        11.43
       3.907     0.925000        18434        13.33
       4.047     0.937500        18683        16.00
       4.123     0.943750        18808        17.78
       4.219     0.950000        18934        20.00
       4.315     0.956250        19063        22.86
       4.435     0.962500        19181        26.67
       4.575     0.968750        19307        32.00
       4.643     0.971875        19369        35.56
       4.711     0.975000        19432        40.00
       4.799     0.978125        19495        45.71
       4.883     0.981250        19555        53.33
       4.999     0.984375        19617        64.00
       5.071     0.985938        19648        71.11
       5.139     0.987500        19682        80.00
       5.215     0.989062        19714        91.43
       5.303     0.990625        19742       106.67
       5.387     0.992188        19773       128.00
       5.431     0.992969        19788       142.22
       5.487     0.993750        19804       160.00
       5.531     0.994531        19821       182.86
       5.611     0.995313        19836       213.33
       5.675     0.996094        19851       256.00
       5.739     0.996484        19859       284.44
       5.835     0.996875        19866       320.00
       5.883     0.997266        19874       365.71
       5.943     0.997656        19882       426.67
       6.027     0.998047        19890       512.00
       6.071     0.998242        19893       568.89
       6.091     0.998437        19898       640.00
       6.107     0.998633        19901       731.43
       6.183     0.998828        19906       853.33
       6.231     0.999023        19909      1024.00
       6.275     0.999121        19911      1137.78
       6.351     0.999219        19913      1280.00
       6.483     0.999316        19915      1462.86
       6.587     0.999414        19917      1706.67
       6.679     0.999512        19919      2048.00
       6.727     0.999561        19920      2275.56
       6.747     0.999609        19921      2560.00
       6.803     0.999658        19922      2925.71
       7.015     0.999707        19923      3413.33
       7.195     0.999756        19924      4096.00
       7.195     0.999780        19924      4551.11
       7.251     0.999805        19925      5120.00
       7.251     0.999829        19925      5851.43
       7.327     0.999854        19926      6826.67
       7.327     0.999878        19926      8192.00
       7.327     0.999890        19926      9102.22
       7.791     0.999902        19927     10240.00
       7.791     0.999915        19927     11702.86
       7.791     0.999927        19927     13653.33
       7.791     0.999939        19927     16384.00
       7.791     0.999945        19927     18204.44
       8.847     0.999951        19928     20480.00
       8.847     1.000000        19928          inf
#[Mean    =        2.010, StdDeviation   =        1.113]
#[Max     =        8.840, Total count    =        19928]
#[Buckets =           27, SubBuckets     =         2048]
----------------------------------------------------------
  29902 requests in 30.00s, 12.34MB read
  Socket errors: connect 0, read 0, write 0, timeout 133
Requests/sec:    996.65
Transfer/sec:    421.28KB
