Using argument nginx
using  args: threads=4 and connections=512 and duration=30 and requests=3000
Running 30s test @ http://10.10.1.4:5000
  4 threads and 512 connections
  Thread calibration: mean lat.: 2.015ms, rate sampling interval: 10ms
  Thread calibration: mean lat.: 2.043ms, rate sampling interval: 10ms
  Thread calibration: mean lat.: 2.038ms, rate sampling interval: 10ms
  Thread calibration: mean lat.: 2.065ms, rate sampling interval: 10ms
  Thread Stats   Avg      Stdev     99%   +/- Stdev
    Latency     2.01ms    1.31ms   6.39ms   83.49%
    Req/Sec   790.69    293.49     1.55k    68.12%
  Latency Distribution (HdrHistogram - Recorded Latency)
 50.000%    1.49ms
 75.000%    2.64ms
 90.000%    3.84ms
 99.000%    6.39ms
 99.900%    8.20ms
 99.990%   11.06ms
 99.999%   15.70ms
100.000%   17.01ms

  Detailed Percentile spectrum:
       Value   Percentile   TotalCount 1/(1-Percentile)

       0.371     0.000000            1         1.00
       0.802     0.100000         5978         1.11
       0.935     0.200000        11939         1.25
       1.268     0.300000        17912         1.43
       1.378     0.400000        23906         1.67
       1.486     0.500000        29842         2.00
       1.563     0.550000        32817         2.22
       1.700     0.600000        35796         2.50
       2.053     0.650000        38785         2.86
       2.375     0.700000        41762         3.33
       2.643     0.750000        44771         4.00
       2.793     0.775000        46236         4.44
       2.953     0.800000        47740         5.00
       3.125     0.825000        49231         5.71
       3.325     0.850000        50713         6.67
       3.557     0.875000        52208         8.00
       3.693     0.887500        52951         8.89
       3.843     0.900000        53704        10.00
       4.017     0.912500        54447        11.43
       4.219     0.925000        55198        13.33
       4.451     0.937500        55935        16.00
       4.591     0.943750        56316        17.78
       4.739     0.950000        56691        20.00
       4.903     0.956250        57057        22.86
       5.087     0.962500        57428        26.67
       5.295     0.968750        57799        32.00
       5.407     0.971875        57982        35.56
       5.527     0.975000        58168        40.00
       5.671     0.978125        58363        45.71
       5.811     0.981250        58541        53.33
       6.007     0.984375        58728        64.00
       6.103     0.985938        58821        71.11
       6.219     0.987500        58914        80.00
       6.327     0.989062        59007        91.43
       6.459     0.990625        59100       106.67
       6.595     0.992188        59193       128.00
       6.683     0.992969        59241       142.22
       6.795     0.993750        59290       160.00
       6.899     0.994531        59336       182.86
       6.995     0.995313        59380       213.33
       7.111     0.996094        59429       256.00
       7.187     0.996484        59450       284.44
       7.275     0.996875        59473       320.00
       7.391     0.997266        59496       365.71
       7.579     0.997656        59520       426.67
       7.711     0.998047        59543       512.00
       7.779     0.998242        59555       568.89
       7.847     0.998437        59568       640.00
       7.927     0.998633        59578       731.43
       8.031     0.998828        59590       853.33
       8.239     0.999023        59601      1024.00
       8.327     0.999121        59607      1137.78
       8.415     0.999219        59613      1280.00
       8.599     0.999316        59619      1462.86
       8.791     0.999414        59625      1706.67
       9.103     0.999512        59630      2048.00
       9.215     0.999561        59633      2275.56
       9.495     0.999609        59637      2560.00
       9.575     0.999658        59639      2925.71
       9.767     0.999707        59642      3413.33
      10.127     0.999756        59645      4096.00
      10.159     0.999780        59646      4551.11
      10.191     0.999805        59648      5120.00
      10.319     0.999829        59649      5851.43
      10.655     0.999854        59651      6826.67
      10.663     0.999878        59652      8192.00
      11.063     0.999890        59653      9102.22
      11.343     0.999902        59655     10240.00
      11.343     0.999915        59655     11702.86
      11.343     0.999927        59655     13653.33
      11.679     0.999939        59656     16384.00
      11.679     0.999945        59656     18204.44
      15.279     0.999951        59657     20480.00
      15.279     0.999957        59657     23405.71
      15.279     0.999963        59657     27306.67
      15.703     0.999969        59658     32768.00
      15.703     0.999973        59658     36408.89
      15.703     0.999976        59658     40960.00
      15.703     0.999979        59658     46811.43
      15.703     0.999982        59658     54613.33
      17.007     0.999985        59659     65536.00
      17.007     1.000000        59659          inf
#[Mean    =        2.010, StdDeviation   =        1.309]
#[Max     =       16.992, Total count    =        59659]
#[Buckets =           27, SubBuckets     =         2048]
----------------------------------------------------------
  89826 requests in 30.00s, 37.27MB read
Requests/sec:   2994.16
Transfer/sec:      1.24MB
