Using argument nginx
using  args: threads=4 and connections=512 and duration=30 and requests=3000
Running 30s test @ http://10.10.1.7:5000
  4 threads and 512 connections
  Thread calibration: mean lat.: 2827.179ms, rate sampling interval: 11132ms
  Thread calibration: mean lat.: 2870.958ms, rate sampling interval: 11083ms
  Thread calibration: mean lat.: 2731.109ms, rate sampling interval: 10682ms
  Thread calibration: mean lat.: 2792.479ms, rate sampling interval: 10280ms
  Thread Stats   Avg      Stdev     99%   +/- Stdev
    Latency    12.16s     3.83s   19.76s    60.58%
    Req/Sec   284.25      1.48   286.00    100.00%
  Latency Distribution (HdrHistogram - Recorded Latency)
 50.000%   11.99s 
 75.000%   15.25s 
 90.000%   17.47s 
 99.000%   19.76s 
 99.900%   20.82s 
 99.990%   21.45s 
 99.999%   21.68s 
100.000%   21.68s 

  Detailed Percentile spectrum:
       Value   Percentile   TotalCount 1/(1-Percentile)

    2877.439     0.000000            1         1.00
    7118.847     0.100000         2261         1.11
    8384.511     0.200000         4515         1.25
    9609.215     0.300000         6773         1.43
   10788.863     0.400000         9028         1.67
   11993.087     0.500000        11294         2.00
   12632.063     0.550000        12422         2.22
   13262.847     0.600000        13546         2.50
   13918.207     0.650000        14674         2.86
   14565.375     0.700000        15807         3.33
   15253.503     0.750000        16928         4.00
   15622.143     0.775000        17494         4.44
   15974.399     0.800000        18069         5.00
   16318.463     0.825000        18623         5.71
   16678.911     0.850000        19193         6.67
   17072.127     0.875000        19755         8.00
   17268.735     0.887500        20042         8.89
   17465.343     0.900000        20323        10.00
   17678.335     0.912500        20610        11.43
   17924.095     0.925000        20898        13.33
   18153.471     0.937500        21168        16.00
   18284.543     0.943750        21311        17.78
   18415.615     0.950000        21456        20.00
   18546.687     0.956250        21588        22.86
   18710.527     0.962500        21728        26.67
   18923.519     0.968750        21867        32.00
   19005.439     0.971875        21938        35.56
   19120.127     0.975000        22007        40.00
   19218.431     0.978125        22084        45.71
   19333.119     0.981250        22150        53.33
   19447.807     0.984375        22221        64.00
   19529.727     0.985938        22253        71.11
   19628.031     0.987500        22293        80.00
   19677.183     0.989062        22323        91.43
   19808.255     0.990625        22360       106.67
   19922.943     0.992188        22394       128.00
   19972.095     0.992969        22415       142.22
   20037.631     0.993750        22430       160.00
   20119.551     0.994531        22448       182.86
   20168.703     0.995313        22464       213.33
   20283.391     0.996094        22484       256.00
   20332.543     0.996484        22491       284.44
   20398.079     0.996875        22499       320.00
   20496.383     0.997266        22508       365.71
   20578.303     0.997656        22518       426.67
   20611.071     0.998047        22525       512.00
   20660.223     0.998242        22531       568.89
   20709.375     0.998437        22536       640.00
   20742.143     0.998633        22539       731.43
   20824.063     0.998828        22547       853.33
   20824.063     0.999023        22547      1024.00
   20889.599     0.999121        22551      1137.78
   20938.751     0.999219        22552      1280.00
   20987.903     0.999316        22554      1462.86
   21086.207     0.999414        22558      1706.67
   21086.207     0.999512        22558      2048.00
   21151.743     0.999561        22561      2275.56
   21151.743     0.999609        22561      2560.00
   21217.279     0.999658        22562      2925.71
   21266.431     0.999707        22563      3413.33
   21299.199     0.999756        22565      4096.00
   21299.199     0.999780        22565      4551.11
   21299.199     0.999805        22565      5120.00
   21381.119     0.999829        22566      5851.43
   21381.119     0.999854        22566      6826.67
   21446.655     0.999878        22567      8192.00
   21446.655     0.999890        22567      9102.22
   21446.655     0.999902        22567     10240.00
   21643.263     0.999915        22568     11702.86
   21643.263     0.999927        22568     13653.33
   21643.263     0.999939        22568     16384.00
   21643.263     0.999945        22568     18204.44
   21643.263     0.999951        22568     20480.00
   21676.031     0.999957        22569     23405.71
   21676.031     1.000000        22569          inf
#[Mean    =    12156.241, StdDeviation   =     3831.499]
#[Max     =    21659.648, Total count    =        22569]
#[Buckets =           27, SubBuckets     =         2048]
----------------------------------------------------------
  33760 requests in 30.08s, 14.01MB read
  Socket errors: connect 0, read 0, write 0, timeout 1
Requests/sec:   1122.31
Transfer/sec:    477.07KB
