Using argument nginx
using  args: threads=4 and connections=512 and duration=30 and requests=2000
Running 30s test @ http://10.10.1.4:5000
  4 threads and 512 connections
  Thread calibration: mean lat.: 1.907ms, rate sampling interval: 10ms
  Thread calibration: mean lat.: 1.886ms, rate sampling interval: 10ms
  Thread calibration: mean lat.: 1.890ms, rate sampling interval: 10ms
  Thread calibration: mean lat.: 1.849ms, rate sampling interval: 10ms
  Thread Stats   Avg      Stdev     99%   +/- Stdev
    Latency     1.88ms    1.08ms   5.09ms   72.04%
    Req/Sec   526.26    238.51     1.11k    68.96%
  Latency Distribution (HdrHistogram - Recorded Latency)
 50.000%    1.48ms
 75.000%    2.58ms
 90.000%    3.44ms
 99.000%    5.09ms
 99.900%    6.24ms
 99.990%    7.27ms
 99.999%    9.10ms
100.000%    9.10ms

  Detailed Percentile spectrum:
       Value   Percentile   TotalCount 1/(1-Percentile)

       0.346     0.000000            1         1.00
       0.795     0.100000         3981         1.11
       0.904     0.200000         7945         1.25
       1.256     0.300000        11925         1.43
       1.375     0.400000        15893         1.67
       1.476     0.500000        19847         2.00
       1.540     0.550000        21844         2.22
       1.632     0.600000        23818         2.50
       1.886     0.650000        25800         2.86
       2.323     0.700000        27791         3.33
       2.581     0.750000        29770         4.00
       2.699     0.775000        30780         4.44
       2.819     0.800000        31771         5.00
       2.953     0.825000        32751         5.71
       3.093     0.850000        33743         6.67
       3.249     0.875000        34742         8.00
       3.345     0.887500        35232         8.89
       3.443     0.900000        35725        10.00
       3.559     0.912500        36219        11.43
       3.699     0.925000        36716        13.33
       3.857     0.937500        37214        16.00
       3.945     0.943750        37468        17.78
       4.037     0.950000        37711        20.00
       4.139     0.956250        37962        22.86
       4.255     0.962500        38205        26.67
       4.395     0.968750        38455        32.00
       4.475     0.971875        38575        35.56
       4.555     0.975000        38700        40.00
       4.647     0.978125        38825        45.71
       4.743     0.981250        38947        53.33
       4.843     0.984375        39071        64.00
       4.907     0.985938        39134        71.11
       4.975     0.987500        39200        80.00
       5.055     0.989062        39259        91.43
       5.135     0.990625        39321       106.67
       5.219     0.992188        39382       128.00
       5.267     0.992969        39412       142.22
       5.331     0.993750        39443       160.00
       5.415     0.994531        39474       182.86
       5.491     0.995313        39505       213.33
       5.583     0.996094        39536       256.00
       5.651     0.996484        39552       284.44
       5.715     0.996875        39567       320.00
       5.783     0.997266        39583       365.71
       5.827     0.997656        39599       426.67
       5.895     0.998047        39614       512.00
       5.951     0.998242        39623       568.89
       6.015     0.998437        39629       640.00
       6.095     0.998633        39637       731.43
       6.167     0.998828        39645       853.33
       6.275     0.999023        39653      1024.00
       6.299     0.999121        39657      1137.78
       6.331     0.999219        39660      1280.00
       6.375     0.999316        39664      1462.86
       6.403     0.999414        39668      1706.67
       6.507     0.999512        39672      2048.00
       6.627     0.999561        39674      2275.56
       6.699     0.999609        39676      2560.00
       6.747     0.999658        39678      2925.71
       6.867     0.999707        39680      3413.33
       6.923     0.999756        39682      4096.00
       6.951     0.999780        39683      4551.11
       7.175     0.999805        39684      5120.00
       7.195     0.999829        39685      5851.43
       7.199     0.999854        39686      6826.67
       7.267     0.999878        39687      8192.00
       7.267     0.999890        39687      9102.22
       7.507     0.999902        39688     10240.00
       7.507     0.999915        39688     11702.86
       7.787     0.999927        39689     13653.33
       7.787     0.999939        39689     16384.00
       7.787     0.999945        39689     18204.44
       8.447     0.999951        39690     20480.00
       8.447     0.999957        39690     23405.71
       8.447     0.999963        39690     27306.67
       8.447     0.999969        39690     32768.00
       8.447     0.999973        39690     36408.89
       9.103     0.999976        39691     40960.00
       9.103     1.000000        39691          inf
#[Mean    =        1.877, StdDeviation   =        1.076]
#[Max     =        9.096, Total count    =        39691]
#[Buckets =           27, SubBuckets     =         2048]
----------------------------------------------------------
  59190 requests in 30.00s, 24.50MB read
  Socket errors: connect 0, read 0, write 0, timeout 9
Requests/sec:   1972.92
Transfer/sec:    836.14KB
