Using argument nginx
using  args: threads=4 and connections=512 and duration=30 and requests=1500
Running 30s test @ http://10.10.1.7:5000
  4 threads and 512 connections
  Thread calibration: mean lat.: 2.010ms, rate sampling interval: 10ms
  Thread calibration: mean lat.: 2.003ms, rate sampling interval: 10ms
  Thread calibration: mean lat.: 1.966ms, rate sampling interval: 10ms
  Thread calibration: mean lat.: 2.002ms, rate sampling interval: 10ms
  Thread Stats   Avg      Stdev     99%   +/- Stdev
    Latency     1.98ms    1.25ms   6.07ms   81.76%
    Req/Sec   393.22    206.07     0.90k    75.18%
  Latency Distribution (HdrHistogram - Recorded Latency)
 50.000%    1.50ms
 75.000%    2.66ms
 90.000%    3.77ms
 99.000%    6.07ms
 99.900%    7.62ms
 99.990%    8.92ms
 99.999%    9.91ms
100.000%    9.91ms

  Detailed Percentile spectrum:
       Value   Percentile   TotalCount 1/(1-Percentile)

       0.330     0.000000            1         1.00
       0.816     0.100000         2972         1.11
       0.933     0.200000         5950         1.25
       1.278     0.300000         8907         1.43
       1.401     0.400000        11867         1.67
       1.503     0.500000        14861         2.00
       1.567     0.550000        16326         2.22
       1.657     0.600000        17797         2.50
       1.875     0.650000        19278         2.86
       2.369     0.700000        20766         3.33
       2.663     0.750000        22249         4.00
       2.807     0.775000        22994         4.44
       2.951     0.800000        23731         5.00
       3.117     0.825000        24477         5.71
       3.305     0.850000        25220         6.67
       3.531     0.875000        25955         8.00
       3.649     0.887500        26323         8.89
       3.773     0.900000        26697        10.00
       3.927     0.912500        27066        11.43
       4.099     0.925000        27440        13.33
       4.303     0.937500        27807        16.00
       4.427     0.943750        27995        17.78
       4.555     0.950000        28179        20.00
       4.687     0.956250        28363        22.86
       4.847     0.962500        28548        26.67
       5.047     0.968750        28733        32.00
       5.163     0.971875        28825        35.56
       5.275     0.975000        28919        40.00
       5.379     0.978125        29012        45.71
       5.519     0.981250        29103        53.33
       5.683     0.984375        29196        64.00
       5.791     0.985938        29244        71.11
       5.899     0.987500        29288        80.00
       6.015     0.989062        29335        91.43
       6.111     0.990625        29381       106.67
       6.275     0.992188        29428       128.00
       6.359     0.992969        29450       142.22
       6.439     0.993750        29473       160.00
       6.535     0.994531        29498       182.86
       6.623     0.995313        29520       213.33
       6.735     0.996094        29543       256.00
       6.815     0.996484        29554       284.44
       6.867     0.996875        29567       320.00
       6.935     0.997266        29577       365.71
       7.035     0.997656        29589       426.67
       7.195     0.998047        29601       512.00
       7.303     0.998242        29607       568.89
       7.383     0.998437        29612       640.00
       7.495     0.998633        29618       731.43
       7.567     0.998828        29624       853.33
       7.647     0.999023        29630      1024.00
       7.683     0.999121        29632      1137.78
       7.711     0.999219        29635      1280.00
       7.759     0.999316        29639      1462.86
       7.927     0.999414        29641      1706.67
       8.043     0.999512        29644      2048.00
       8.075     0.999561        29645      2275.56
       8.303     0.999609        29647      2560.00
       8.383     0.999658        29648      2925.71
       8.519     0.999707        29650      3413.33
       8.559     0.999756        29651      4096.00
       8.743     0.999780        29652      4551.11
       8.775     0.999805        29653      5120.00
       8.775     0.999829        29653      5851.43
       8.839     0.999854        29654      6826.67
       8.919     0.999878        29655      8192.00
       8.919     0.999890        29655      9102.22
       9.175     0.999902        29656     10240.00
       9.175     0.999915        29656     11702.86
       9.175     0.999927        29656     13653.33
       9.623     0.999939        29657     16384.00
       9.623     0.999945        29657     18204.44
       9.623     0.999951        29657     20480.00
       9.623     0.999957        29657     23405.71
       9.623     0.999963        29657     27306.67
       9.911     0.999969        29658     32768.00
       9.911     1.000000        29658          inf
#[Mean    =        1.982, StdDeviation   =        1.247]
#[Max     =        9.904, Total count    =        29658]
#[Buckets =           27, SubBuckets     =         2048]
----------------------------------------------------------
  43994 requests in 30.01s, 18.15MB read
  Socket errors: connect 0, read 0, write 0, timeout 33
Requests/sec:   1465.96
Transfer/sec:    619.40KB
