No argument supplied nginx
using  args: threads=4 and connections=512 and duration=30 and requests=5000
Running 30s test @ http://localhost:8080/wrk2-api/user-timeline/read
  4 threads and 512 connections
  Thread calibration: mean lat.: 1714.109ms, rate sampling interval: 8384ms
  Thread calibration: mean lat.: 1693.938ms, rate sampling interval: 8241ms
  Thread calibration: mean lat.: 1969.348ms, rate sampling interval: 8503ms
  Thread calibration: mean lat.: 1669.247ms, rate sampling interval: 8081ms
  Thread Stats   Avg      Stdev     99%   +/- Stdev
    Latency    10.97s     3.92s   19.32s    61.32%
    Req/Sec   417.00     53.04   478.00     75.00%
  Latency Distribution (HdrHistogram - Recorded Latency)
 50.000%   10.41s 
 75.000%   14.12s 
 90.000%   16.64s 
 99.000%   19.32s 
 99.900%   20.66s 
 99.990%   21.87s 
 99.999%   22.45s 
100.000%   22.45s 

  Detailed Percentile spectrum:
       Value   Percentile   TotalCount 1/(1-Percentile)

    2228.223     0.000000            1         1.00
    6041.599     0.100000         3192         1.11
    7217.151     0.200000         6390         1.25
    8294.399     0.300000         9580         1.43
    9347.071     0.400000        12789         1.67
   10412.031     0.500000        15986         2.00
   11059.199     0.550000        17564         2.22
   11771.903     0.600000        19165         2.50
   12525.567     0.650000        20752         2.86
   13287.423     0.700000        22348         3.33
   14131.199     0.750000        23960         4.00
   14532.607     0.775000        24738         4.44
   14934.015     0.800000        25547         5.00
   15335.423     0.825000        26348         5.71
   15745.023     0.850000        27154         6.67
   16171.007     0.875000        27946         8.00
   16392.191     0.887500        28335         8.89
   16637.951     0.900000        28730        10.00
   16875.519     0.912500        29129        11.43
   17154.047     0.925000        29538        13.33
   17432.575     0.937500        29931        16.00
   17580.031     0.943750        30146        17.78
   17743.871     0.950000        30333        20.00
   17907.711     0.956250        30528        22.86
   18104.319     0.962500        30741        26.67
   18300.927     0.968750        30929        32.00
   18415.615     0.971875        31024        35.56
   18530.303     0.975000        31132        40.00
   18628.607     0.978125        31225        45.71
   18792.447     0.981250        31334        53.33
   18972.671     0.984375        31424        64.00
   19070.975     0.985938        31484        71.11
   19152.895     0.987500        31521        80.00
   19251.199     0.989062        31573        91.43
   19365.887     0.990625        31621       106.67
   19480.575     0.992188        31673       128.00
   19562.495     0.992969        31695       142.22
   19628.031     0.993750        31721       160.00
   19726.335     0.994531        31746       182.86
   19841.023     0.995313        31773       213.33
   20037.631     0.996094        31797       256.00
   20086.783     0.996484        31807       284.44
   20135.935     0.996875        31820       320.00
   20201.471     0.997266        31833       365.71
   20283.391     0.997656        31845       426.67
   20365.311     0.998047        31858       512.00
   20430.847     0.998242        31863       568.89
   20479.999     0.998437        31870       640.00
   20561.919     0.998633        31878       731.43
   20627.455     0.998828        31884       853.33
   20676.607     0.999023        31888      1024.00
   20709.375     0.999121        31891      1137.78
   20742.143     0.999219        31895      1280.00
   20774.911     0.999316        31898      1462.86
   20873.215     0.999414        31903      1706.67
   20922.367     0.999512        31904      2048.00
   21020.671     0.999561        31906      2275.56
   21135.359     0.999609        31907      2560.00
   21184.511     0.999658        31909      2925.71
   21430.271     0.999707        31910      3413.33
   21495.807     0.999756        31913      4096.00
   21495.807     0.999780        31913      4551.11
   21495.807     0.999805        31913      5120.00
   21561.343     0.999829        31914      5851.43
   21577.727     0.999854        31915      6826.67
   21872.639     0.999878        31916      8192.00
   21872.639     0.999890        31916      9102.22
   21872.639     0.999902        31916     10240.00
   21889.023     0.999915        31917     11702.86
   21889.023     0.999927        31917     13653.33
   22413.311     0.999939        31918     16384.00
   22413.311     0.999945        31918     18204.44
   22413.311     0.999951        31918     20480.00
   22413.311     0.999957        31918     23405.71
   22413.311     0.999963        31918     27306.67
   22446.079     0.999969        31919     32768.00
   22446.079     1.000000        31919          inf
#[Mean    =    10969.116, StdDeviation   =     3923.982]
#[Max     =    22429.696, Total count    =        31919]
#[Buckets =           27, SubBuckets     =         2048]
----------------------------------------------------------
  55527 requests in 30.01s, 18.90MB read
  Non-2xx or 3xx responses: 55527
Requests/sec:   1850.04
Transfer/sec:    644.98KB
