No argument supplied nginx
using  args: threads=4 and connections=512 and duration=30 and requests=12000
Running 30s test @ http://localhost:8080
  4 threads and 512 connections
  Thread calibration: mean lat.: 3.211ms, rate sampling interval: 10ms
  Thread calibration: mean lat.: 2.881ms, rate sampling interval: 10ms
  Thread calibration: mean lat.: 3.057ms, rate sampling interval: 10ms
  Thread calibration: mean lat.: 3.290ms, rate sampling interval: 10ms
  Thread Stats   Avg      Stdev     99%   +/- Stdev
    Latency    17.73ms   37.76ms 188.80ms   91.60%
    Req/Sec     3.17k     1.63k    8.90k    82.16%
  Latency Distribution (HdrHistogram - Recorded Latency)
 50.000%    2.11ms
 75.000%   17.30ms
 90.000%   50.78ms
 99.000%  188.80ms
 99.900%  349.44ms
 99.990%  494.08ms
 99.999%  645.12ms
100.000%  685.57ms

  Detailed Percentile spectrum:
       Value   Percentile   TotalCount 1/(1-Percentile)

       1.025     0.000000            1         1.00
       1.491     0.100000        23935         1.11
       1.627     0.200000        47982         1.25
       1.752     0.300000        71831         1.43
       1.891     0.400000        95797         1.67
       2.105     0.500000       119667         2.00
       2.297     0.550000       131670         2.22
       2.569     0.600000       143615         2.50
       3.191     0.650000       155529         2.86
       6.831     0.700000       167483         3.33
      17.295     0.750000       179453         4.00
      22.799     0.775000       185427         4.44
      28.511     0.800000       191403         5.00
      34.239     0.825000       197384         5.71
      39.871     0.850000       203369         6.67
      45.279     0.875000       209345         8.00
      47.967     0.887500       212354         8.89
      50.783     0.900000       215351        10.00
      54.303     0.912500       218331        11.43
      59.615     0.925000       221326        13.33
      68.991     0.937500       224296        16.00
      75.455     0.943750       225792        17.78
      83.263     0.950000       227298        20.00
      92.223     0.956250       228786        22.86
     102.399     0.962500       230280        26.67
     113.983     0.968750       231773        32.00
     120.639     0.971875       232527        35.56
     127.935     0.975000       233271        40.00
     136.703     0.978125       234023        45.71
     146.815     0.981250       234771        53.33
     159.871     0.984375       235515        64.00
     166.655     0.985938       235888        71.11
     173.823     0.987500       236259        80.00
     183.039     0.989062       236638        91.43
     193.791     0.990625       237007       106.67
     205.951     0.992188       237381       128.00
     213.631     0.992969       237570       142.22
     221.695     0.993750       237755       160.00
     230.911     0.994531       237945       182.86
     241.919     0.995313       238129       213.33
     253.695     0.996094       238316       256.00
     260.479     0.996484       238410       284.44
     269.567     0.996875       238507       320.00
     280.831     0.997266       238597       365.71
     291.839     0.997656       238689       426.67
     302.335     0.998047       238784       512.00
     310.527     0.998242       238830       568.89
     320.511     0.998437       238876       640.00
     329.471     0.998633       238923       731.43
     338.943     0.998828       238969       853.33
     352.255     0.999023       239016      1024.00
     357.631     0.999121       239039      1137.78
     366.335     0.999219       239063      1280.00
     375.551     0.999316       239086      1462.86
     386.559     0.999414       239109      1706.67
     398.591     0.999512       239135      2048.00
     401.919     0.999561       239144      2275.56
     409.343     0.999609       239156      2560.00
     418.559     0.999658       239168      2925.71
     427.775     0.999707       239180      3413.33
     439.551     0.999756       239191      4096.00
     452.095     0.999780       239197      4551.11
     456.703     0.999805       239203      5120.00
     465.407     0.999829       239209      5851.43
     467.711     0.999854       239215      6826.67
     485.631     0.999878       239220      8192.00
     492.287     0.999890       239223      9102.22
     495.359     0.999902       239226     10240.00
     506.367     0.999915       239229     11702.86
     514.303     0.999927       239232     13653.33
     531.455     0.999939       239235     16384.00
     542.719     0.999945       239236     18204.44
     547.327     0.999951       239238     20480.00
     551.423     0.999957       239239     23405.71
     563.711     0.999963       239241     27306.67
     571.391     0.999969       239242     32768.00
     581.119     0.999973       239243     36408.89
     591.359     0.999976       239244     40960.00
     591.359     0.999979       239244     46811.43
     596.479     0.999982       239245     54613.33
     616.959     0.999985       239246     65536.00
     616.959     0.999986       239246     72817.78
     645.119     0.999988       239247     81920.00
     645.119     0.999989       239247     93622.86
     645.119     0.999991       239247    109226.67
     683.007     0.999992       239248    131072.00
     683.007     0.999993       239248    145635.56
     683.007     0.999994       239248    163840.00
     683.007     0.999995       239248    187245.71
     683.007     0.999995       239248    218453.33
     685.567     0.999996       239249    262144.00
     685.567     1.000000       239249          inf
#[Mean    =       17.734, StdDeviation   =       37.758]
#[Max     =      685.056, Total count    =       239249]
#[Buckets =           27, SubBuckets     =         2048]
----------------------------------------------------------
  357258 requests in 30.00s, 120.64MB read
  Non-2xx or 3xx responses: 1882
Requests/sec:  11908.79
Transfer/sec:      4.02MB
