No argument supplied nginx
using  args: threads=4 and connections=512 and duration=30 and requests=2000
Running 30s test @ http://localhost:8080/wrk2-api/user-timeline/read
  4 threads and 512 connections
  Thread calibration: mean lat.: 122.827ms, rate sampling interval: 865ms
  Thread calibration: mean lat.: 112.449ms, rate sampling interval: 817ms
  Thread calibration: mean lat.: 118.330ms, rate sampling interval: 858ms
  Thread calibration: mean lat.: 135.344ms, rate sampling interval: 953ms
  Thread Stats   Avg      Stdev     99%   +/- Stdev
    Latency   812.60ms  697.77ms   2.92s    69.71%
    Req/Sec   468.19     42.91   542.00     76.40%
  Latency Distribution (HdrHistogram - Recorded Latency)
 50.000%  650.24ms
 75.000%    1.19s 
 90.000%    1.81s 
 99.000%    2.92s 
 99.900%    3.95s 
 99.990%    4.76s 
 99.999%    5.27s 
100.000%    5.27s 

  Detailed Percentile spectrum:
       Value   Percentile   TotalCount 1/(1-Percentile)

       1.526     0.000000            1         1.00
      42.527     0.100000         3696         1.11
     197.119     0.200000         7391         1.25
     340.223     0.300000        11085         1.43
     490.495     0.400000        14778         1.67
     650.239     0.500000        18480         2.00
     740.351     0.550000        20324         2.22
     833.023     0.600000        22170         2.50
     937.983     0.650000        24012         2.86
    1056.767     0.700000        25859         3.33
    1191.935     0.750000        27712         4.00
    1268.735     0.775000        28629         4.44
    1354.751     0.800000        29566         5.00
    1444.863     0.825000        30475         5.71
    1542.143     0.850000        31407         6.67
    1670.143     0.875000        32322         8.00
    1736.703     0.887500        32792         8.89
    1809.407     0.900000        33252        10.00
    1886.207     0.912500        33707        11.43
    1972.223     0.925000        34171        13.33
    2075.647     0.937500        34630        16.00
    2127.871     0.943750        34867        17.78
    2185.215     0.950000        35097        20.00
    2252.799     0.956250        35325        22.86
    2326.527     0.962500        35559        26.67
    2410.495     0.968750        35785        32.00
    2463.743     0.971875        35904        35.56
    2510.847     0.975000        36015        40.00
    2570.239     0.978125        36130        45.71
    2641.919     0.981250        36248        53.33
    2723.839     0.984375        36362        64.00
    2762.751     0.985938        36419        71.11
    2811.903     0.987500        36479        80.00
    2875.391     0.989062        36534        91.43
    2963.455     0.990625        36592       106.67
    3039.231     0.992188        36650       128.00
    3092.479     0.992969        36681       142.22
    3141.631     0.993750        36708       160.00
    3205.119     0.994531        36736       182.86
    3276.799     0.995313        36766       213.33
    3348.479     0.996094        36794       256.00
    3395.583     0.996484        36809       284.44
    3454.975     0.996875        36823       320.00
    3514.367     0.997266        36838       365.71
    3581.951     0.997656        36852       426.67
    3655.679     0.998047        36866       512.00
    3725.311     0.998242        36875       568.89
    3766.271     0.998437        36881       640.00
    3842.047     0.998633        36888       731.43
    3893.247     0.998828        36895       853.33
    3950.591     0.999023        36902      1024.00
    3997.695     0.999121        36906      1137.78
    4026.367     0.999219        36910      1280.00
    4040.703     0.999316        36913      1462.86
    4079.615     0.999414        36917      1706.67
    4139.007     0.999512        36920      2048.00
    4177.919     0.999561        36922      2275.56
    4227.071     0.999609        36924      2560.00
    4276.223     0.999658        36926      2925.71
    4349.951     0.999707        36928      3413.33
    4362.239     0.999756        36929      4096.00
    4538.367     0.999780        36930      4551.11
    4550.655     0.999805        36931      5120.00
    4571.135     0.999829        36932      5851.43
    4694.015     0.999854        36933      6826.67
    4759.551     0.999878        36934      8192.00
    4759.551     0.999890        36934      9102.22
    4837.375     0.999902        36935     10240.00
    4837.375     0.999915        36935     11702.86
    5246.975     0.999927        36936     13653.33
    5246.975     0.999939        36936     16384.00
    5246.975     0.999945        36936     18204.44
    5255.167     0.999951        36937     20480.00
    5255.167     0.999957        36937     23405.71
    5255.167     0.999963        36937     27306.67
    5255.167     0.999969        36937     32768.00
    5255.167     0.999973        36937     36408.89
    5267.455     0.999976        36938     40960.00
    5267.455     1.000000        36938          inf
#[Mean    =      812.603, StdDeviation   =      697.775]
#[Max     =     5263.360, Total count    =        36938]
#[Buckets =           27, SubBuckets     =         2048]
----------------------------------------------------------
  56208 requests in 30.02s, 19.14MB read
  Socket errors: connect 0, read 0, write 0, timeout 6
  Non-2xx or 3xx responses: 56208
Requests/sec:   1872.18
Transfer/sec:    652.70KB
