No argument supplied nginx
using  args: threads=4 and connections=512 and duration=30 and requests=2000
Running 30s test @ http://localhost:8080
  4 threads and 512 connections
  Thread calibration: mean lat.: 2.086ms, rate sampling interval: 10ms
  Thread calibration: mean lat.: 2.086ms, rate sampling interval: 10ms
  Thread calibration: mean lat.: 2.081ms, rate sampling interval: 10ms
  Thread calibration: mean lat.: 2.088ms, rate sampling interval: 10ms
  Thread Stats   Avg      Stdev     99%   +/- Stdev
    Latency     2.07ms  666.27us   4.26ms   76.77%
    Req/Sec   526.70    236.97     1.11k    68.56%
  Latency Distribution (HdrHistogram - Recorded Latency)
 50.000%    1.90ms
 75.000%    2.42ms
 90.000%    2.99ms
 99.000%    4.26ms
 99.900%    5.42ms
 99.990%    6.63ms
 99.999%    7.19ms
100.000%    7.19ms

  Detailed Percentile spectrum:
       Value   Percentile   TotalCount 1/(1-Percentile)

       1.040     0.000000            1         1.00
       1.422     0.100000         3990         1.11
       1.522     0.200000         7948         1.25
       1.619     0.300000        11952         1.43
       1.749     0.400000        15902         1.67
       1.902     0.500000        19876         2.00
       1.974     0.550000        21876         2.22
       2.041     0.600000        23856         2.50
       2.125     0.650000        25871         2.86
       2.243     0.700000        27838         3.33
       2.417     0.750000        29821         4.00
       2.497     0.775000        30805         4.44
       2.567     0.800000        31811         5.00
       2.643     0.825000        32809         5.71
       2.723     0.850000        33780         6.67
       2.851     0.875000        34772         8.00
       2.927     0.887500        35282         8.89
       2.993     0.900000        35770        10.00
       3.065     0.912500        36274        11.43
       3.139     0.925000        36764        13.33
       3.229     0.937500        37256        16.00
       3.293     0.943750        37504        17.78
       3.363     0.950000        37752        20.00
       3.439     0.956250        38003        22.86
       3.539     0.962500        38247        26.67
       3.647     0.968750        38500        32.00
       3.695     0.971875        38621        35.56
       3.759     0.975000        38748        40.00
       3.835     0.978125        38868        45.71
       3.909     0.981250        38992        53.33
       4.013     0.984375        39123        64.00
       4.047     0.985938        39179        71.11
       4.123     0.987500        39243        80.00
       4.191     0.989062        39303        91.43
       4.303     0.990625        39366       106.67
       4.399     0.992188        39428       128.00
       4.443     0.992969        39461       142.22
       4.499     0.993750        39490       160.00
       4.591     0.994531        39520       182.86
       4.671     0.995313        39551       213.33
       4.775     0.996094        39582       256.00
       4.811     0.996484        39598       284.44
       4.879     0.996875        39613       320.00
       4.975     0.997266        39629       365.71
       5.035     0.997656        39645       426.67
       5.095     0.998047        39661       512.00
       5.147     0.998242        39668       568.89
       5.199     0.998437        39675       640.00
       5.287     0.998633        39684       731.43
       5.331     0.998828        39691       853.33
       5.427     0.999023        39699      1024.00
       5.463     0.999121        39703      1137.78
       5.515     0.999219        39706      1280.00
       5.571     0.999316        39710      1462.86
       5.631     0.999414        39714      1706.67
       5.775     0.999512        39718      2048.00
       5.823     0.999561        39720      2275.56
       5.855     0.999609        39722      2560.00
       6.019     0.999658        39724      2925.71
       6.155     0.999707        39726      3413.33
       6.215     0.999756        39728      4096.00
       6.227     0.999780        39729      4551.11
       6.335     0.999805        39730      5120.00
       6.367     0.999829        39731      5851.43
       6.443     0.999854        39732      6826.67
       6.627     0.999878        39733      8192.00
       6.627     0.999890        39733      9102.22
       6.731     0.999902        39734     10240.00
       6.731     0.999915        39734     11702.86
       6.743     0.999927        39735     13653.33
       6.743     0.999939        39735     16384.00
       6.743     0.999945        39735     18204.44
       6.879     0.999951        39736     20480.00
       6.879     0.999957        39736     23405.71
       6.879     0.999963        39736     27306.67
       6.879     0.999969        39736     32768.00
       6.879     0.999973        39736     36408.89
       7.191     0.999976        39737     40960.00
       7.191     1.000000        39737          inf
#[Mean    =        2.067, StdDeviation   =        0.666]
#[Max     =        7.188, Total count    =        39737]
#[Buckets =           27, SubBuckets     =         2048]
----------------------------------------------------------
  59652 requests in 30.00s, 11.63MB read
  Socket errors: connect 0, read 0, write 0, timeout 6
  Non-2xx or 3xx responses: 126
Requests/sec:   1988.21
Transfer/sec:    396.85KB
