No argument supplied nginx
using  args: threads=4 and connections=512 and duration=30 and requests=5000
Running 30s test @ http://localhost:8080
  4 threads and 512 connections
  Thread calibration: mean lat.: 1.733ms, rate sampling interval: 10ms
  Thread calibration: mean lat.: 1.740ms, rate sampling interval: 10ms
  Thread calibration: mean lat.: 1.759ms, rate sampling interval: 10ms
  Thread calibration: mean lat.: 1.742ms, rate sampling interval: 10ms
  Thread Stats   Avg      Stdev     99%   +/- Stdev
    Latency     1.75ms  511.53us   3.52ms   83.38%
    Req/Sec     1.32k   377.31     2.22k    67.43%
  Latency Distribution (HdrHistogram - Recorded Latency)
 50.000%    1.62ms
 75.000%    1.91ms
 90.000%    2.35ms
 99.000%    3.52ms
 99.900%    5.66ms
 99.990%    8.03ms
 99.999%   18.90ms
100.000%   30.38ms

  Detailed Percentile spectrum:
       Value   Percentile   TotalCount 1/(1-Percentile)

       0.977     0.000000            1         1.00
       1.312     0.100000         9980         1.11
       1.418     0.200000        19958         1.25
       1.487     0.300000        29958         1.43
       1.552     0.400000        40014         1.67
       1.620     0.500000        49945         2.00
       1.662     0.550000        54927         2.22
       1.714     0.600000        59875         2.50
       1.776     0.650000        64853         2.86
       1.843     0.700000        69823         3.33
       1.913     0.750000        74792         4.00
       1.955     0.775000        77291         4.44
       2.001     0.800000        79788         5.00
       2.063     0.825000        82297         5.71
       2.143     0.850000        84786         6.67
       2.237     0.875000        87296         8.00
       2.287     0.887500        88519         8.89
       2.345     0.900000        89778        10.00
       2.405     0.912500        91004        11.43
       2.475     0.925000        92243        13.33
       2.559     0.937500        93503        16.00
       2.603     0.943750        94138        17.78
       2.655     0.950000        94753        20.00
       2.711     0.956250        95360        22.86
       2.785     0.962500        95993        26.67
       2.871     0.968750        96606        32.00
       2.919     0.971875        96915        35.56
       2.969     0.975000        97229        40.00
       3.027     0.978125        97538        45.71
       3.109     0.981250        97854        53.33
       3.213     0.984375        98162        64.00
       3.271     0.985938        98315        71.11
       3.345     0.987500        98470        80.00
       3.447     0.989062        98629        91.43
       3.565     0.990625        98785       106.67
       3.767     0.992188        98937       128.00
       3.875     0.992969        99015       142.22
       4.025     0.993750        99093       160.00
       4.175     0.994531        99171       182.86
       4.331     0.995313        99251       213.33
       4.539     0.996094        99328       256.00
       4.699     0.996484        99366       284.44
       4.819     0.996875        99405       320.00
       4.923     0.997266        99447       365.71
       5.035     0.997656        99483       426.67
       5.195     0.998047        99522       512.00
       5.295     0.998242        99542       568.89
       5.387     0.998437        99562       640.00
       5.495     0.998633        99581       731.43
       5.599     0.998828        99600       853.33
       5.699     0.999023        99621      1024.00
       5.795     0.999121        99629      1137.78
       5.847     0.999219        99639      1280.00
       5.951     0.999316        99648      1462.86
       6.075     0.999414        99658      1706.67
       6.203     0.999512        99668      2048.00
       6.259     0.999561        99673      2275.56
       6.311     0.999609        99678      2560.00
       6.515     0.999658        99683      2925.71
       6.919     0.999707        99687      3413.33
       7.083     0.999756        99692      4096.00
       7.163     0.999780        99695      4551.11
       7.211     0.999805        99697      5120.00
       7.271     0.999829        99699      5851.43
       7.483     0.999854        99702      6826.67
       7.603     0.999878        99704      8192.00
       8.031     0.999890        99706      9102.22
       8.055     0.999902        99707     10240.00
       8.279     0.999915        99708     11702.86
       8.343     0.999927        99709     13653.33
       8.463     0.999939        99710     16384.00
       9.127     0.999945        99711     18204.44
       9.631     0.999951        99712     20480.00
       9.631     0.999957        99712     23405.71
      10.727     0.999963        99713     27306.67
      10.727     0.999969        99713     32768.00
      11.607     0.999973        99714     36408.89
      11.607     0.999976        99714     40960.00
      11.607     0.999979        99714     46811.43
      18.895     0.999982        99715     54613.33
      18.895     0.999985        99715     65536.00
      18.895     0.999986        99715     72817.78
      18.895     0.999988        99715     81920.00
      18.895     0.999989        99715     93622.86
      30.383     0.999991        99716    109226.67
      30.383     1.000000        99716          inf
#[Mean    =        1.754, StdDeviation   =        0.512]
#[Max     =       30.368, Total count    =        99716]
#[Buckets =           27, SubBuckets     =         2048]
----------------------------------------------------------
  148635 requests in 30.00s, 38.77MB read
  Non-2xx or 3xx responses: 205
Requests/sec:   4953.84
Transfer/sec:      1.29MB
