No argument supplied nginx
using  args: threads=4 and connections=512 and duration=30 and requests=3000
Running 30s test @ http://localhost:8080/wrk2-api/user-timeline/read
  4 threads and 512 connections
  Thread calibration: mean lat.: 891.768ms, rate sampling interval: 4902ms
  Thread calibration: mean lat.: 960.770ms, rate sampling interval: 4919ms
  Thread calibration: mean lat.: 773.343ms, rate sampling interval: 4382ms
  Thread calibration: mean lat.: 853.690ms, rate sampling interval: 4747ms
  Thread Stats   Avg      Stdev     99%   +/- Stdev
    Latency     6.16s     2.43s   12.20s    66.01%
    Req/Sec   442.12     74.03   545.00     68.75%
  Latency Distribution (HdrHistogram - Recorded Latency)
 50.000%    5.92s 
 75.000%    7.77s 
 90.000%    9.58s 
 99.000%   12.20s 
 99.900%   13.80s 
 99.990%   15.07s 
 99.999%   15.30s 
100.000%   15.30s 

  Detailed Percentile spectrum:
       Value   Percentile   TotalCount 1/(1-Percentile)

     504.063     0.000000            1         1.00
    3172.351     0.100000         3463         1.11
    3938.303     0.200000         6914         1.25
    4636.671     0.300000        10360         1.43
    5296.127     0.400000        13824         1.67
    5918.719     0.500000        17272         2.00
    6242.303     0.550000        19007         2.22
    6578.175     0.600000        20722         2.50
    6938.623     0.650000        22451         2.86
    7340.031     0.700000        24173         3.33
    7766.015     0.750000        25892         4.00
    8003.583     0.775000        26756         4.44
    8261.631     0.800000        27625         5.00
    8544.255     0.825000        28495         5.71
    8847.359     0.850000        29354         6.67
    9207.807     0.875000        30208         8.00
    9388.031     0.887500        30654         8.89
    9576.447     0.900000        31070        10.00
    9789.439     0.912500        31499        11.43
   10018.815     0.925000        31932        13.33
   10272.767     0.937500        32366        16.00
   10412.031     0.943750        32579        17.78
   10567.679     0.950000        32805        20.00
   10723.327     0.956250        33015        22.86
   10903.551     0.962500        33229        26.67
   11132.927     0.968750        33445        32.00
   11255.807     0.971875        33553        35.56
   11370.495     0.975000        33658        40.00
   11517.951     0.978125        33764        45.71
   11681.791     0.981250        33872        53.33
   11862.015     0.984375        33980        64.00
   11943.935     0.985938        34038        71.11
   12025.855     0.987500        34091        80.00
   12132.351     0.989062        34142        91.43
   12271.615     0.990625        34198       106.67
   12394.495     0.992188        34250       128.00
   12476.415     0.992969        34276       142.22
   12566.527     0.993750        34305       160.00
   12632.063     0.994531        34332       182.86
   12763.135     0.995313        34357       213.33
   12894.207     0.996094        34384       256.00
   12976.127     0.996484        34397       284.44
   13049.855     0.996875        34413       320.00
   13139.967     0.997266        34426       365.71
   13254.655     0.997656        34438       426.67
   13361.151     0.998047        34451       512.00
   13410.303     0.998242        34458       568.89
   13516.799     0.998437        34466       640.00
   13598.719     0.998633        34471       731.43
   13705.215     0.998828        34478       853.33
   13811.711     0.999023        34485      1024.00
   13844.479     0.999121        34488      1137.78
   13950.975     0.999219        34492      1280.00
   13991.935     0.999316        34495      1462.86
   14032.895     0.999414        34498      1706.67
   14098.431     0.999512        34503      2048.00
   14098.431     0.999561        34503      2275.56
   14204.927     0.999609        34505      2560.00
   14303.231     0.999658        34507      2925.71
   14327.807     0.999707        34509      3413.33
   14401.535     0.999756        34510      4096.00
   14548.991     0.999780        34511      4551.11
   14598.143     0.999805        34512      5120.00
   14680.063     0.999829        34513      5851.43
   14680.063     0.999854        34513      6826.67
   14721.023     0.999878        34514      8192.00
   15065.087     0.999890        34515      9102.22
   15065.087     0.999902        34515     10240.00
   15106.047     0.999915        34516     11702.86
   15106.047     0.999927        34516     13653.33
   15106.047     0.999939        34516     16384.00
   15187.967     0.999945        34517     18204.44
   15187.967     0.999951        34517     20480.00
   15187.967     0.999957        34517     23405.71
   15187.967     0.999963        34517     27306.67
   15187.967     0.999969        34517     32768.00
   15302.655     0.999973        34518     36408.89
   15302.655     1.000000        34518          inf
#[Mean    =     6157.422, StdDeviation   =     2430.376]
#[Max     =    15294.464, Total count    =        34518]
#[Buckets =           27, SubBuckets     =         2048]
----------------------------------------------------------
  55308 requests in 30.00s, 18.83MB read
  Socket errors: connect 0, read 0, write 0, timeout 1
  Non-2xx or 3xx responses: 55308
Requests/sec:   1843.29
Transfer/sec:    642.63KB
