No argument supplied nginx
using  args: threads=4 and connections=512 and duration=30 and requests=3000
Running 30s test @ http://localhost:8080
  4 threads and 512 connections
  Thread calibration: mean lat.: 1.827ms, rate sampling interval: 10ms
  Thread calibration: mean lat.: 1.845ms, rate sampling interval: 10ms
  Thread calibration: mean lat.: 1.845ms, rate sampling interval: 10ms
  Thread calibration: mean lat.: 1.831ms, rate sampling interval: 10ms
  Thread Stats   Avg      Stdev     99%   +/- Stdev
    Latency     1.85ms  526.90us   3.58ms   76.31%
    Req/Sec   790.11    295.36     1.55k    68.14%
  Latency Distribution (HdrHistogram - Recorded Latency)
 50.000%    1.70ms
 75.000%    2.07ms
 90.000%    2.57ms
 99.000%    3.58ms
 99.900%    4.84ms
 99.990%    5.93ms
 99.999%    7.19ms
100.000%    8.77ms

  Detailed Percentile spectrum:
       Value   Percentile   TotalCount 1/(1-Percentile)

       0.985     0.000000            1         1.00
       1.334     0.100000         5990         1.11
       1.449     0.200000        11983         1.25
       1.522     0.300000        17952         1.43
       1.605     0.400000        23865         1.67
       1.698     0.500000        29855         2.00
       1.766     0.550000        32833         2.22
       1.837     0.600000        35808         2.50
       1.906     0.650000        38816         2.86
       1.984     0.700000        41798         3.33
       2.065     0.750000        44776         4.00
       2.121     0.775000        46287         4.44
       2.181     0.800000        47734         5.00
       2.265     0.825000        49241         5.71
       2.363     0.850000        50718         6.67
       2.465     0.875000        52226         8.00
       2.519     0.887500        52959         8.89
       2.573     0.900000        53703        10.00
       2.635     0.912500        54442        11.43
       2.703     0.925000        55203        13.33
       2.789     0.937500        55940        16.00
       2.847     0.943750        56309        17.78
       2.905     0.950000        56684        20.00
       2.961     0.956250        57056        22.86
       3.021     0.962500        57429        26.67
       3.087     0.968750        57795        32.00
       3.121     0.971875        57983        35.56
       3.165     0.975000        58173        40.00
       3.213     0.978125        58356        45.71
       3.273     0.981250        58541        53.33
       3.353     0.984375        58730        64.00
       3.403     0.985938        58822        71.11
       3.461     0.987500        58913        80.00
       3.533     0.989062        59008        91.43
       3.613     0.990625        59103       106.67
       3.687     0.992188        59192       128.00
       3.745     0.992969        59240       142.22
       3.791     0.993750        59287       160.00
       3.855     0.994531        59332       182.86
       3.941     0.995313        59379       213.33
       4.015     0.996094        59426       256.00
       4.069     0.996484        59449       284.44
       4.147     0.996875        59473       320.00
       4.199     0.997266        59496       365.71
       4.295     0.997656        59519       426.67
       4.443     0.998047        59542       512.00
       4.495     0.998242        59554       568.89
       4.547     0.998437        59565       640.00
       4.623     0.998633        59578       731.43
       4.715     0.998828        59589       853.33
       4.843     0.999023        59600      1024.00
       4.975     0.999121        59607      1137.78
       5.091     0.999219        59612      1280.00
       5.215     0.999316        59618      1462.86
       5.315     0.999414        59624      1706.67
       5.403     0.999512        59629      2048.00
       5.447     0.999561        59632      2275.56
       5.475     0.999609        59635      2560.00
       5.587     0.999658        59638      2925.71
       5.643     0.999707        59641      3413.33
       5.763     0.999756        59644      4096.00
       5.779     0.999780        59647      4551.11
       5.779     0.999805        59647      5120.00
       5.803     0.999829        59648      5851.43
       5.855     0.999854        59650      6826.67
       5.899     0.999878        59651      8192.00
       5.927     0.999890        59652      9102.22
       6.015     0.999902        59653     10240.00
       6.015     0.999915        59653     11702.86
       6.327     0.999927        59654     13653.33
       6.431     0.999939        59655     16384.00
       6.431     0.999945        59655     18204.44
       6.487     0.999951        59656     20480.00
       6.487     0.999957        59656     23405.71
       6.487     0.999963        59656     27306.67
       7.191     0.999969        59657     32768.00
       7.191     0.999973        59657     36408.89
       7.191     0.999976        59657     40960.00
       7.191     0.999979        59657     46811.43
       7.191     0.999982        59657     54613.33
       8.775     0.999985        59658     65536.00
       8.775     1.000000        59658          inf
#[Mean    =        1.847, StdDeviation   =        0.527]
#[Max     =        8.768, Total count    =        59658]
#[Buckets =           27, SubBuckets     =         2048]
----------------------------------------------------------
  89838 requests in 30.00s, 18.43MB read
  Non-2xx or 3xx responses: 130
Requests/sec:   2994.52
Transfer/sec:    628.90KB
