No argument supplied nginx
using  args: threads=4 and connections=512 and duration=30 and requests=2500
Running 30s test @ http://localhost:5000
  4 threads and 512 connections
  Thread calibration: mean lat.: 1593.431ms, rate sampling interval: 6787ms
  Thread calibration: mean lat.: 1793.173ms, rate sampling interval: 7774ms
  Thread calibration: mean lat.: 1625.530ms, rate sampling interval: 7118ms
  Thread calibration: mean lat.: 1613.325ms, rate sampling interval: 7151ms
  Thread Stats   Avg      Stdev     99%   +/- Stdev
    Latency     7.22s     2.91s   14.22s    65.69%
    Req/Sec   386.75      8.20   403.00     87.50%
  Latency Distribution (HdrHistogram - Recorded Latency)
 50.000%    7.00s 
 75.000%    9.25s 
 90.000%   11.21s 
 99.000%   14.22s 
 99.900%   16.20s 
 99.990%   17.99s 
 99.999%   18.99s 
100.000%   18.99s 

  Detailed Percentile spectrum:
       Value   Percentile   TotalCount 1/(1-Percentile)

     253.567     0.000000            1         1.00
    3522.559     0.100000         3104         1.11
    4575.231     0.200000         6207         1.25
    5451.775     0.300000         9314         1.43
    6225.919     0.400000        12413         1.67
    6995.967     0.500000        15514         2.00
    7417.855     0.550000        17054         2.22
    7868.415     0.600000        18612         2.50
    8294.399     0.650000        20155         2.86
    8773.631     0.700000        21712         3.33
    9248.767     0.750000        23269         4.00
    9527.295     0.775000        24036         4.44
    9805.823     0.800000        24808         5.00
   10092.543     0.825000        25582         5.71
   10436.607     0.850000        26355         6.67
   10813.439     0.875000        27150         8.00
   11001.855     0.887500        27526         8.89
   11214.847     0.900000        27918        10.00
   11419.647     0.912500        28293        11.43
   11665.407     0.925000        28686        13.33
   11927.551     0.937500        29075        16.00
   12091.391     0.943750        29268        17.78
   12247.039     0.950000        29461        20.00
   12410.879     0.956250        29654        22.86
   12591.103     0.962500        29848        26.67
   12861.439     0.968750        30040        32.00
   12976.127     0.971875        30134        35.56
   13115.391     0.975000        30230        40.00
   13295.615     0.978125        30327        45.71
   13443.071     0.981250        30424        53.33
   13680.639     0.984375        30525        64.00
   13762.559     0.985938        30570        71.11
   13918.207     0.987500        30619        80.00
   14114.815     0.989062        30667        91.43
   14303.231     0.990625        30719       106.67
   14450.687     0.992188        30766       128.00
   14508.031     0.992969        30787       142.22
   14622.719     0.993750        30814       160.00
   14737.407     0.994531        30837       182.86
   14827.519     0.995313        30860       213.33
   14958.591     0.996094        30884       256.00
   15032.319     0.996484        30897       284.44
   15122.431     0.996875        30909       320.00
   15237.119     0.997266        30921       365.71
   15368.191     0.997656        30933       426.67
   15458.303     0.998047        30945       512.00
   15532.031     0.998242        30952       568.89
   15646.719     0.998437        30957       640.00
   15785.983     0.998633        30963       731.43
   15933.439     0.998828        30969       853.33
   16203.775     0.999023        30975      1024.00
   16359.423     0.999121        30978      1137.78
   16506.879     0.999219        30981      1280.00
   16662.527     0.999316        30984      1462.86
   16736.255     0.999414        30987      1706.67
   16875.519     0.999512        30990      2048.00
   17268.735     0.999561        30992      2275.56
   17432.575     0.999609        30993      2560.00
   17727.487     0.999658        30995      2925.71
   17760.255     0.999707        30996      3413.33
   17874.943     0.999756        30998      4096.00
   17891.327     0.999780        30999      4551.11
   17891.327     0.999805        30999      5120.00
   17940.479     0.999829        31000      5851.43
   17956.863     0.999854        31001      6826.67
   17989.631     0.999878        31002      8192.00
   17989.631     0.999890        31002      9102.22
   17989.631     0.999902        31002     10240.00
   18006.015     0.999915        31003     11702.86
   18006.015     0.999927        31003     13653.33
   18923.519     0.999939        31004     16384.00
   18923.519     0.999945        31004     18204.44
   18923.519     0.999951        31004     20480.00
   18923.519     0.999957        31004     23405.71
   18923.519     0.999963        31004     27306.67
   18989.055     0.999969        31005     32768.00
   18989.055     1.000000        31005          inf
#[Mean    =     7218.379, StdDeviation   =     2907.034]
#[Max     =    18972.672, Total count    =        31005]
#[Buckets =           27, SubBuckets     =         2048]
----------------------------------------------------------
  45937 requests in 30.00s, 11.94MB read
  Socket errors: connect 0, read 0, write 6789, timeout 0
Requests/sec:   1531.18
Transfer/sec:    407.54KB
