No argument supplied nginx
using  args: threads=4 and connections=512 and duration=30 and requests=14000
Running 30s test @ http://localhost:8080
  4 threads and 512 connections
  Thread calibration: mean lat.: 97.925ms, rate sampling interval: 681ms
  Thread calibration: mean lat.: 89.134ms, rate sampling interval: 600ms
  Thread calibration: mean lat.: 96.350ms, rate sampling interval: 675ms
  Thread calibration: mean lat.: 95.452ms, rate sampling interval: 643ms
  Thread Stats   Avg      Stdev     99%   +/- Stdev
    Latency     1.83s     1.29s    5.53s    67.66%
    Req/Sec     2.99k   139.94     3.26k    68.60%
  Latency Distribution (HdrHistogram - Recorded Latency)
 50.000%    1.58s 
 75.000%    2.61s 
 90.000%    3.67s 
 99.000%    5.53s 
 99.900%    6.79s 
 99.990%    7.92s 
 99.999%    8.15s 
100.000%    8.16s 

  Detailed Percentile spectrum:
       Value   Percentile   TotalCount 1/(1-Percentile)

       1.161     0.000000            1         1.00
     372.479     0.100000        23704         1.11
     669.183     0.200000        47437         1.25
     955.391     0.300000        71144         1.43
    1255.423     0.400000        94861         1.67
    1577.983     0.500000       118528         2.00
    1757.183     0.550000       130375         2.22
    1939.455     0.600000       142258         2.50
    2146.303     0.650000       154169         2.86
    2371.583     0.700000       165943         3.33
    2613.247     0.750000       177854         4.00
    2746.367     0.775000       183714         4.44
    2895.871     0.800000       189640         5.00
    3055.615     0.825000       195613         5.71
    3231.743     0.850000       201499         6.67
    3438.591     0.875000       207414         8.00
    3545.087     0.887500       210373         8.89
    3665.919     0.900000       213358        10.00
    3792.895     0.912500       216307        11.43
    3930.111     0.925000       219300        13.33
    4079.615     0.937500       222227        16.00
    4165.631     0.943750       223720        17.78
    4268.031     0.950000       225210        20.00
    4378.623     0.956250       226696        22.86
    4513.791     0.962500       228185        26.67
    4665.343     0.968750       229650        32.00
    4747.263     0.971875       230394        35.56
    4841.471     0.975000       231120        40.00
    4947.967     0.978125       231858        45.71
    5070.847     0.981250       232598        53.33
    5206.015     0.984375       233344        64.00
    5279.743     0.985938       233707        71.11
    5365.759     0.987500       234086        80.00
    5468.159     0.989062       234460        91.43
    5574.655     0.990625       234828       106.67
    5689.343     0.992188       235186       128.00
    5763.071     0.992969       235374       142.22
    5849.087     0.993750       235558       160.00
    5947.391     0.994531       235745       182.86
    6041.599     0.995313       235927       213.33
    6176.767     0.996094       236114       256.00
    6234.111     0.996484       236207       284.44
    6283.263     0.996875       236299       320.00
    6340.607     0.997266       236392       365.71
    6418.431     0.997656       236488       426.67
    6516.735     0.998047       236575       512.00
    6569.983     0.998242       236624       568.89
    6619.135     0.998437       236668       640.00
    6660.095     0.998633       236714       731.43
    6721.535     0.998828       236761       853.33
    6799.359     0.999023       236808      1024.00
    6828.031     0.999121       236833      1137.78
    6860.799     0.999219       236854      1280.00
    6926.335     0.999316       236876      1462.86
    6979.583     0.999414       236901      1706.67
    7053.311     0.999512       236923      2048.00
    7106.559     0.999561       236933      2275.56
    7172.095     0.999609       236945      2560.00
    7364.607     0.999658       236957      2925.71
    7450.623     0.999707       236968      3413.33
    7528.447     0.999756       236980      4096.00
    7598.079     0.999780       236985      4551.11
    7647.231     0.999805       236991      5120.00
    7733.247     0.999829       236997      5851.43
    7860.223     0.999854       237003      6826.67
    7892.991     0.999878       237009      8192.00
    7905.279     0.999890       237011      9102.22
    7929.855     0.999902       237015     10240.00
    7950.335     0.999915       237017     11702.86
    7974.911     0.999927       237020     13653.33
    7991.295     0.999939       237023     16384.00
    7995.391     0.999945       237024     18204.44
    8060.927     0.999951       237026     20480.00
    8065.023     0.999957       237029     23405.71
    8065.023     0.999963       237029     27306.67
    8073.215     0.999969       237030     32768.00
    8077.311     0.999973       237032     36408.89
    8077.311     0.999976       237032     40960.00
    8077.311     0.999979       237032     46811.43
    8081.407     0.999982       237033     54613.33
    8093.695     0.999985       237034     65536.00
    8093.695     0.999986       237034     72817.78
    8151.039     0.999988       237035     81920.00
    8151.039     0.999989       237035     93622.86
    8151.039     0.999991       237035    109226.67
    8155.135     0.999992       237037    131072.00
    8155.135     1.000000       237037          inf
#[Mean    =     1830.940, StdDeviation   =     1287.109]
#[Max     =     8151.040, Total count    =       237037]
#[Buckets =           27, SubBuckets     =         2048]
----------------------------------------------------------
  371424 requests in 30.00s, 239.01MB read
  Non-2xx or 3xx responses: 2007
Requests/sec:  12380.94
Transfer/sec:      7.97MB
