No argument supplied nginx
using  args: threads=4 and connections=512 and duration=30 and requests=2000
Running 30s test @ http://localhost:5000
  4 threads and 512 connections
  Thread calibration: mean lat.: 1456.746ms, rate sampling interval: 6672ms
  Thread calibration: mean lat.: 1560.550ms, rate sampling interval: 7303ms
  Thread calibration: mean lat.: 1586.962ms, rate sampling interval: 7524ms
  Thread calibration: mean lat.: 1469.914ms, rate sampling interval: 6885ms
  Thread Stats   Avg      Stdev     99%   +/- Stdev
    Latency     7.10s     3.08s   15.03s    67.06%
    Req/Sec   308.88      7.75   320.00     75.00%
  Latency Distribution (HdrHistogram - Recorded Latency)
 50.000%    6.87s 
 75.000%    9.15s 
 90.000%   11.26s 
 99.000%   15.03s 
 99.900%   17.06s 
 99.990%   18.66s 
 99.999%   18.89s 
100.000%   18.89s 

  Detailed Percentile spectrum:
       Value   Percentile   TotalCount 1/(1-Percentile)

       1.388     0.000000            1         1.00
    3276.799     0.100000         2468         1.11
    4374.527     0.200000         4942         1.25
    5230.591     0.300000         7392         1.43
    6045.695     0.400000         9852         1.67
    6873.087     0.500000        12323         2.00
    7278.591     0.550000        13554         2.22
    7704.575     0.600000        14790         2.50
    8126.463     0.650000        16011         2.86
    8601.599     0.700000        17250         3.33
    9150.463     0.750000        18474         4.00
    9453.567     0.775000        19107         4.44
    9732.095     0.800000        19708         5.00
   10027.007     0.825000        20320         5.71
   10403.839     0.850000        20939         6.67
   10797.055     0.875000        21558         8.00
   11018.239     0.887500        21863         8.89
   11255.807     0.900000        22169        10.00
   11542.527     0.912500        22481        11.43
   11837.439     0.925000        22784        13.33
   12197.887     0.937500        23094        16.00
   12402.687     0.943750        23248        17.78
   12623.871     0.950000        23400        20.00
   12820.479     0.956250        23559        22.86
   13049.855     0.962500        23710        26.67
   13369.343     0.968750        23861        32.00
   13524.991     0.971875        23937        35.56
   13721.599     0.975000        24015        40.00
   13942.783     0.978125        24093        45.71
   14155.775     0.981250        24169        53.33
   14368.767     0.984375        24245        64.00
   14508.031     0.985938        24283        71.11
   14729.215     0.987500        24322        80.00
   14950.399     0.989062        24362        91.43
   15089.663     0.990625        24400       106.67
   15228.927     0.992188        24437       128.00
   15343.615     0.992969        24456       142.22
   15466.495     0.993750        24477       160.00
   15630.335     0.994531        24496       182.86
   15769.599     0.995313        24514       213.33
   15876.095     0.996094        24534       256.00
   15917.055     0.996484        24543       284.44
   16023.551     0.996875        24553       320.00
   16089.087     0.997266        24562       365.71
   16228.351     0.997656        24572       426.67
   16465.919     0.998047        24581       512.00
   16523.263     0.998242        24586       568.89
   16580.607     0.998437        24591       640.00
   16777.215     0.998633        24597       731.43
   16908.287     0.998828        24601       853.33
   17055.743     0.999023        24605      1024.00
   17268.735     0.999121        24608      1137.78
   17416.191     0.999219        24610      1280.00
   17530.879     0.999316        24613      1462.86
   17678.335     0.999414        24615      1706.67
   17760.255     0.999512        24617      2048.00
   17842.175     0.999561        24619      2275.56
   17924.095     0.999609        24620      2560.00
   17989.631     0.999658        24621      2925.71
   18022.399     0.999707        24622      3413.33
   18038.783     0.999756        24623      4096.00
   18186.239     0.999780        24624      4551.11
   18350.079     0.999805        24625      5120.00
   18350.079     0.999829        24625      5851.43
   18595.839     0.999854        24626      6826.67
   18595.839     0.999878        24626      8192.00
   18661.375     0.999890        24627      9102.22
   18661.375     0.999902        24627     10240.00
   18661.375     0.999915        24627     11702.86
   18677.759     0.999927        24628     13653.33
   18677.759     0.999939        24628     16384.00
   18677.759     0.999945        24628     18204.44
   18677.759     0.999951        24628     20480.00
   18677.759     0.999957        24628     23405.71
   18890.751     0.999963        24629     27306.67
   18890.751     1.000000        24629          inf
#[Mean    =     7103.466, StdDeviation   =     3076.619]
#[Max     =    18874.368, Total count    =        24629]
#[Buckets =           27, SubBuckets     =         2048]
----------------------------------------------------------
  36586 requests in 30.00s, 9.44MB read
  Socket errors: connect 0, read 0, write 5395, timeout 10
Requests/sec:   1219.34
Transfer/sec:    322.05KB
