No argument supplied nginx
using  args: threads=4 and connections=512 and duration=30 and requests=4000
Running 30s test @ http://localhost:8080
  4 threads and 512 connections
  Thread calibration: mean lat.: 1.776ms, rate sampling interval: 10ms
  Thread calibration: mean lat.: 1.782ms, rate sampling interval: 10ms
  Thread calibration: mean lat.: 1.779ms, rate sampling interval: 10ms
  Thread calibration: mean lat.: 1.776ms, rate sampling interval: 10ms
  Thread Stats   Avg      Stdev     99%   +/- Stdev
    Latency     1.78ms  490.04us   3.40ms   78.81%
    Req/Sec     1.06k   336.40     1.89k    65.27%
  Latency Distribution (HdrHistogram - Recorded Latency)
 50.000%    1.64ms
 75.000%    1.98ms
 90.000%    2.41ms
 99.000%    3.40ms
 99.900%    5.07ms
 99.990%    6.70ms
 99.999%    8.10ms
100.000%    8.81ms

  Detailed Percentile spectrum:
       Value   Percentile   TotalCount 1/(1-Percentile)

       1.012     0.000000            1         1.00
       1.315     0.100000         8010         1.11
       1.429     0.200000        15971         1.25
       1.500     0.300000        23970         1.43
       1.575     0.400000        32014         1.67
       1.645     0.500000        40009         2.00
       1.694     0.550000        43956         2.22
       1.755     0.600000        47900         2.50
       1.824     0.650000        51889         2.86
       1.896     0.700000        55912         3.33
       1.975     0.750000        59900         4.00
       2.013     0.775000        61908         4.44
       2.061     0.800000        63885         5.00
       2.123     0.825000        65910         5.71
       2.197     0.850000        67888         6.67
       2.299     0.875000        69874         8.00
       2.351     0.887500        70875         8.89
       2.407     0.900000        71855        10.00
       2.473     0.912500        72846        11.43
       2.545     0.925000        73862        13.33
       2.625     0.937500        74855        16.00
       2.673     0.943750        75336        17.78
       2.723     0.950000        75849        20.00
       2.789     0.956250        76339        22.86
       2.861     0.962500        76843        26.67
       2.943     0.968750        77339        32.00
       2.983     0.971875        77586        35.56
       3.035     0.975000        77836        40.00
       3.081     0.978125        78079        45.71
       3.135     0.981250        78332        53.33
       3.207     0.984375        78582        64.00
       3.251     0.985938        78704        71.11
       3.301     0.987500        78833        80.00
       3.365     0.989062        78953        91.43
       3.443     0.990625        79078       106.67
       3.577     0.992188        79204       128.00
       3.639     0.992969        79264       142.22
       3.715     0.993750        79327       160.00
       3.811     0.994531        79390       182.86
       3.931     0.995313        79451       213.33
       4.081     0.996094        79514       256.00
       4.175     0.996484        79546       284.44
       4.243     0.996875        79576       320.00
       4.359     0.997266        79607       365.71
       4.467     0.997656        79638       426.67
       4.611     0.998047        79670       512.00
       4.691     0.998242        79685       568.89
       4.779     0.998437        79701       640.00
       4.847     0.998633        79716       731.43
       4.971     0.998828        79732       853.33
       5.087     0.999023        79748      1024.00
       5.147     0.999121        79755      1137.78
       5.215     0.999219        79763      1280.00
       5.327     0.999316        79771      1462.86
       5.511     0.999414        79779      1706.67
       5.607     0.999512        79787      2048.00
       5.687     0.999561        79790      2275.56
       5.787     0.999609        79794      2560.00
       5.855     0.999658        79798      2925.71
       5.991     0.999707        79802      3413.33
       6.091     0.999756        79806      4096.00
       6.159     0.999780        79808      4551.11
       6.303     0.999805        79810      5120.00
       6.499     0.999829        79812      5851.43
       6.555     0.999854        79814      6826.67
       6.575     0.999878        79816      8192.00
       6.699     0.999890        79817      9102.22
       6.851     0.999902        79818     10240.00
       6.931     0.999915        79819     11702.86
       6.979     0.999927        79820     13653.33
       7.059     0.999939        79821     16384.00
       7.059     0.999945        79821     18204.44
       7.303     0.999951        79822     20480.00
       7.303     0.999957        79822     23405.71
       7.355     0.999963        79823     27306.67
       7.355     0.999969        79823     32768.00
       7.355     0.999973        79823     36408.89
       8.095     0.999976        79824     40960.00
       8.095     0.999979        79824     46811.43
       8.095     0.999982        79824     54613.33
       8.095     0.999985        79824     65536.00
       8.095     0.999986        79824     72817.78
       8.807     0.999988        79825     81920.00
       8.807     1.000000        79825          inf
#[Mean    =        1.781, StdDeviation   =        0.490]
#[Max     =        8.800, Total count    =        79825]
#[Buckets =           27, SubBuckets     =         2048]
----------------------------------------------------------
  118954 requests in 30.00s, 27.05MB read
  Non-2xx or 3xx responses: 216
Requests/sec:   3965.06
Transfer/sec:      0.90MB
