No argument supplied nginx
using  args: threads=4 and connections=512 and duration=30 and requests=1500
Running 30s test @ http://localhost:5000
  4 threads and 512 connections
  Thread calibration: mean lat.: 1509.106ms, rate sampling interval: 7651ms
  Thread calibration: mean lat.: 1594.505ms, rate sampling interval: 7827ms
  Thread calibration: mean lat.: 1309.646ms, rate sampling interval: 6578ms
  Thread calibration: mean lat.: 1506.211ms, rate sampling interval: 7942ms
  Thread Stats   Avg      Stdev     99%   +/- Stdev
    Latency     7.09s     3.20s   15.17s    67.38%
    Req/Sec   231.11      5.28   239.00     77.78%
  Latency Distribution (HdrHistogram - Recorded Latency)
 50.000%    6.74s 
 75.000%    9.22s 
 90.000%   11.51s 
 99.000%   15.17s 
 99.900%   17.33s 
 99.990%   18.35s 
 99.999%   21.45s 
100.000%   21.45s 

  Detailed Percentile spectrum:
       Value   Percentile   TotalCount 1/(1-Percentile)

       1.385     0.000000            1         1.00
    3205.119     0.100000         1865         1.11
    4276.223     0.200000         3726         1.25
    5132.287     0.300000         5584         1.43
    5943.295     0.400000         7448         1.67
    6742.015     0.500000         9312         2.00
    7143.423     0.550000        10242         2.22
    7614.463     0.600000        11168         2.50
    8101.887     0.650000        12104         2.86
    8626.175     0.700000        13031         3.33
    9215.999     0.750000        13965         4.00
    9519.103     0.775000        14430         4.44
    9838.591     0.800000        14899         5.00
   10166.271     0.825000        15356         5.71
   10575.871     0.850000        15828         6.67
   11018.239     0.875000        16294         8.00
   11247.615     0.887500        16520         8.89
   11509.759     0.900000        16761        10.00
   11804.671     0.912500        16987        11.43
   12124.159     0.925000        17220        13.33
   12492.799     0.937500        17458        16.00
   12697.599     0.943750        17568        17.78
   12951.551     0.950000        17687        20.00
   13180.927     0.956250        17799        22.86
   13443.071     0.962500        17921        26.67
   13672.447     0.968750        18032        32.00
   13828.095     0.971875        18090        35.56
   14000.127     0.975000        18151        40.00
   14180.351     0.978125        18206        45.71
   14417.919     0.981250        18266        53.33
   14663.679     0.984375        18326        64.00
   14802.943     0.985938        18352        71.11
   14917.631     0.987500        18382        80.00
   15065.087     0.989062        18410        91.43
   15269.887     0.990625        18439       106.67
   15507.455     0.992188        18468       128.00
   15712.255     0.992969        18483       142.22
   15851.519     0.993750        18498       160.00
   16023.551     0.994531        18512       182.86
   16138.239     0.995313        18526       213.33
   16326.655     0.996094        18543       256.00
   16383.999     0.996484        18548       284.44
   16506.879     0.996875        18555       320.00
   16646.143     0.997266        18563       365.71
   16728.063     0.997656        18570       426.67
   16908.287     0.998047        18578       512.00
   16973.823     0.998242        18581       568.89
   17006.591     0.998437        18584       640.00
   17121.279     0.998633        18589       731.43
   17285.119     0.998828        18592       853.33
   17367.039     0.999023        18595      1024.00
   17416.191     0.999121        18597      1137.78
   17530.879     0.999219        18600      1280.00
   17563.647     0.999316        18601      1462.86
   17661.951     0.999414        18603      1706.67
   17711.103     0.999512        18605      2048.00
   17711.103     0.999561        18605      2275.56
   17760.255     0.999609        18606      2560.00
   17776.639     0.999658        18607      2925.71
   18120.703     0.999707        18608      3413.33
   18202.623     0.999756        18609      4096.00
   18202.623     0.999780        18609      4551.11
   18219.007     0.999805        18610      5120.00
   18219.007     0.999829        18610      5851.43
   18350.079     0.999854        18611      6826.67
   18350.079     0.999878        18611      8192.00
   18350.079     0.999890        18611      9102.22
   20217.855     0.999902        18612     10240.00
   20217.855     0.999915        18612     11702.86
   20217.855     0.999927        18612     13653.33
   20217.855     0.999939        18612     16384.00
   20217.855     0.999945        18612     18204.44
   21446.655     0.999951        18613     20480.00
   21446.655     1.000000        18613          inf
#[Mean    =     7087.510, StdDeviation   =     3202.092]
#[Max     =    21430.272, Total count    =        18613]
#[Buckets =           27, SubBuckets     =         2048]
----------------------------------------------------------
  27897 requests in 30.01s, 7.27MB read
  Socket errors: connect 0, read 0, write 3982, timeout 23
Requests/sec:    929.56
Transfer/sec:    248.06KB
