No argument supplied nginx
using  args: threads=4 and connections=512 and duration=30 and requests=4000
Running 30s test @ http://localhost:8080/wrk2-api/user-timeline/read
  4 threads and 512 connections
  Thread calibration: mean lat.: 1280.989ms, rate sampling interval: 6995ms
  Thread calibration: mean lat.: 1498.841ms, rate sampling interval: 7143ms
  Thread calibration: mean lat.: 1284.032ms, rate sampling interval: 7065ms
  Thread calibration: mean lat.: 1268.094ms, rate sampling interval: 6819ms
  Thread Stats   Avg      Stdev     99%   +/- Stdev
    Latency     9.25s     3.30s   16.86s    63.31%
    Req/Sec   457.38     16.32   480.00     62.50%
  Latency Distribution (HdrHistogram - Recorded Latency)
 50.000%    8.99s 
 75.000%   11.58s 
 90.000%   13.98s 
 99.000%   16.86s 
 99.900%   18.25s 
 99.990%   19.04s 
 99.999%   19.50s 
100.000%   19.50s 

  Detailed Percentile spectrum:
       Value   Percentile   TotalCount 1/(1-Percentile)

    1997.823     0.000000            1         1.00
    5103.615     0.100000         3342         1.11
    6115.327     0.200000         6669         1.25
    7077.887     0.300000        10008         1.43
    8036.351     0.400000        13337         1.67
    8986.623     0.500000        16675         2.00
    9428.991     0.550000        18337         2.22
    9887.743     0.600000        20009         2.50
   10412.031     0.650000        21678         2.86
   10985.471     0.700000        23326         3.33
   11575.295     0.750000        24992         4.00
   11919.359     0.775000        25822         4.44
   12279.807     0.800000        26655         5.00
   12673.023     0.825000        27496         5.71
   13082.623     0.850000        28333         6.67
   13492.223     0.875000        29154         8.00
   13746.175     0.887500        29579         8.89
   13975.551     0.900000        30000        10.00
   14213.119     0.912500        30410        11.43
   14499.839     0.925000        30824        13.33
   14811.135     0.937500        31236        16.00
   14974.975     0.943750        31446        17.78
   15138.815     0.950000        31653        20.00
   15327.231     0.956250        31864        22.86
   15515.647     0.962500        32074        26.67
   15745.023     0.968750        32280        32.00
   15876.095     0.971875        32386        35.56
   16007.167     0.975000        32487        40.00
   16154.623     0.978125        32589        45.71
   16293.887     0.981250        32699        53.33
   16449.535     0.984375        32802        64.00
   16531.455     0.985938        32850        71.11
   16654.335     0.987500        32903        80.00
   16777.215     0.989062        32954        91.43
   16908.287     0.990625        33005       106.67
   17039.359     0.992188        33061       128.00
   17088.511     0.992969        33083       142.22
   17170.431     0.993750        33110       160.00
   17301.503     0.994531        33137       182.86
   17383.423     0.995313        33162       213.33
   17547.263     0.996094        33187       256.00
   17612.799     0.996484        33201       284.44
   17760.255     0.996875        33215       320.00
   17842.175     0.997266        33227       365.71
   17907.711     0.997656        33240       426.67
   18006.015     0.998047        33252       512.00
   18137.087     0.998242        33262       568.89
   18153.471     0.998437        33266       640.00
   18169.855     0.998633        33272       731.43
   18235.391     0.998828        33278       853.33
   18284.543     0.999023        33285      1024.00
   18317.311     0.999121        33288      1137.78
   18399.231     0.999219        33292      1280.00
   18497.535     0.999316        33295      1462.86
   18563.071     0.999414        33298      1706.67
   18628.607     0.999512        33302      2048.00
   18661.375     0.999561        33303      2275.56
   18710.527     0.999609        33304      2560.00
   18792.447     0.999658        33306      2925.71
   18857.983     0.999707        33308      3413.33
   18874.367     0.999756        33310      4096.00
   18874.367     0.999780        33310      4551.11
   18923.519     0.999805        33311      5120.00
   18989.055     0.999829        33312      5851.43
   19021.823     0.999854        33313      6826.67
   19021.823     0.999878        33313      8192.00
   19038.207     0.999890        33314      9102.22
   19038.207     0.999902        33314     10240.00
   19120.127     0.999915        33315     11702.86
   19120.127     0.999927        33315     13653.33
   19120.127     0.999939        33315     16384.00
   19185.663     0.999945        33316     18204.44
   19185.663     0.999951        33316     20480.00
   19185.663     0.999957        33316     23405.71
   19185.663     0.999963        33316     27306.67
   19185.663     0.999969        33316     32768.00
   19496.959     0.999973        33317     36408.89
   19496.959     1.000000        33317          inf
#[Mean    =     9249.153, StdDeviation   =     3300.887]
#[Max     =    19480.576, Total count    =        33317]
#[Buckets =           27, SubBuckets     =         2048]
----------------------------------------------------------
  54961 requests in 30.01s, 18.71MB read
  Non-2xx or 3xx responses: 54961
Requests/sec:   1831.16
Transfer/sec:    638.40KB
