No argument supplied nginx
using  args: threads=4 and connections=512 and duration=30 and requests=10000
Running 30s test @ http://localhost:8080
  4 threads and 512 connections
  Thread calibration: mean lat.: 1.824ms, rate sampling interval: 10ms
  Thread calibration: mean lat.: 2.693ms, rate sampling interval: 10ms
  Thread calibration: mean lat.: 2.387ms, rate sampling interval: 10ms
  Thread calibration: mean lat.: 2.166ms, rate sampling interval: 10ms
  Thread Stats   Avg      Stdev     99%   +/- Stdev
    Latency     3.34ms   12.63ms  57.28ms   97.84%
    Req/Sec     2.64k   556.35     4.10k    68.78%
  Latency Distribution (HdrHistogram - Recorded Latency)
 50.000%    1.70ms
 75.000%    1.99ms
 90.000%    2.61ms
 99.000%   57.28ms
 99.900%  179.20ms
 99.990%  311.30ms
 99.999%  470.78ms
100.000%  542.21ms

  Detailed Percentile spectrum:
       Value   Percentile   TotalCount 1/(1-Percentile)

       1.017     0.000000            1         1.00
       1.368     0.100000        19940         1.11
       1.464     0.200000        39985         1.25
       1.540     0.300000        60051         1.43
       1.615     0.400000        79718         1.67
       1.695     0.500000        99731         2.00
       1.738     0.550000       109675         2.22
       1.785     0.600000       119701         2.50
       1.838     0.650000       129545         2.86
       1.903     0.700000       139545         3.33
       1.989     0.750000       149498         4.00
       2.049     0.775000       154475         4.44
       2.131     0.800000       159486         5.00
       2.233     0.825000       164473         5.71
       2.341     0.850000       169397         6.67
       2.457     0.875000       174442         8.00
       2.525     0.887500       176893         8.89
       2.607     0.900000       179343        10.00
       2.699     0.912500       181851        11.43
       2.825     0.925000       184350        13.33
       3.003     0.937500       186825        16.00
       3.143     0.943750       188067        17.78
       3.375     0.950000       189306        20.00
       3.803     0.956250       190551        22.86
       4.451     0.962500       191796        26.67
       5.367     0.968750       193041        32.00
       5.951     0.971875       193664        35.56
       7.791     0.975000       194287        40.00
      15.319     0.978125       194910        45.71
      23.727     0.981250       195532        53.33
      34.271     0.984375       196157        64.00
      39.583     0.985938       196466        71.11
      45.567     0.987500       196780        80.00
      52.479     0.989062       197089        91.43
      60.543     0.990625       197400       106.67
      70.143     0.992188       197713       128.00
      75.903     0.992969       197870       142.22
      82.111     0.993750       198025       160.00
      89.151     0.994531       198179       182.86
      97.215     0.995313       198335       213.33
     106.367     0.996094       198490       256.00
     111.103     0.996484       198569       284.44
     117.695     0.996875       198646       320.00
     125.631     0.997266       198724       365.71
     132.863     0.997656       198802       426.67
     141.695     0.998047       198880       512.00
     147.455     0.998242       198918       568.89
     153.599     0.998437       198957       640.00
     161.407     0.998633       198997       731.43
     170.239     0.998828       199035       853.33
     179.967     0.999023       199074      1024.00
     184.575     0.999121       199093      1137.78
     190.847     0.999219       199113      1280.00
     198.015     0.999316       199132      1462.86
     206.207     0.999414       199152      1706.67
     215.807     0.999512       199172      2048.00
     222.335     0.999561       199181      2275.56
     228.735     0.999609       199191      2560.00
     237.311     0.999658       199200      2925.71
     246.271     0.999707       199210      3413.33
     263.423     0.999756       199221      4096.00
     266.239     0.999780       199225      4551.11
     270.335     0.999805       199230      5120.00
     277.503     0.999829       199234      5851.43
     287.743     0.999854       199239      6826.67
     297.215     0.999878       199244      8192.00
     311.039     0.999890       199247      9102.22
     312.831     0.999902       199249     10240.00
     320.511     0.999915       199251     11702.86
     329.983     0.999927       199254     13653.33
     336.383     0.999939       199256     16384.00
     351.999     0.999945       199258     18204.44
     355.071     0.999951       199259     20480.00
     361.727     0.999957       199260     23405.71
     388.095     0.999963       199261     27306.67
     407.807     0.999969       199262     32768.00
     415.487     0.999973       199263     36408.89
     436.223     0.999976       199264     40960.00
     436.223     0.999979       199264     46811.43
     442.623     0.999982       199265     54613.33
     442.623     0.999985       199265     65536.00
     470.783     0.999986       199266     72817.78
     470.783     0.999988       199266     81920.00
     470.783     0.999989       199266     93622.86
     477.439     0.999991       199267    109226.67
     477.439     0.999992       199267    131072.00
     477.439     0.999993       199267    145635.56
     477.439     0.999994       199267    163840.00
     477.439     0.999995       199267    187245.71
     542.207     0.999995       199268    218453.33
     542.207     1.000000       199268          inf
#[Mean    =        3.338, StdDeviation   =       12.626]
#[Max     =      541.696, Total count    =       199268]
#[Buckets =           27, SubBuckets     =         2048]
----------------------------------------------------------
  297587 requests in 30.00s, 105.36MB read
  Non-2xx or 3xx responses: 931
Requests/sec:   9919.54
Transfer/sec:      3.51MB
