No argument supplied nginx
using  args: threads=4 and connections=512 and duration=30 and requests=6000
Running 30s test @ http://localhost:8080
  4 threads and 512 connections
  Thread calibration: mean lat.: 1.728ms, rate sampling interval: 10ms
  Thread calibration: mean lat.: 1.743ms, rate sampling interval: 10ms
  Thread calibration: mean lat.: 1.730ms, rate sampling interval: 10ms
  Thread calibration: mean lat.: 1.730ms, rate sampling interval: 10ms
  Thread Stats   Avg      Stdev     99%   +/- Stdev
    Latency     1.76ms  550.83us   3.78ms   86.15%
    Req/Sec     1.59k   420.69     2.67k    71.97%
  Latency Distribution (HdrHistogram - Recorded Latency)
 50.000%    1.63ms
 75.000%    1.91ms
 90.000%    2.34ms
 99.000%    3.78ms
 99.900%    6.22ms
 99.990%    9.23ms
 99.999%   34.01ms
100.000%   38.21ms

  Detailed Percentile spectrum:
       Value   Percentile   TotalCount 1/(1-Percentile)

       0.998     0.000000            1         1.00
       1.313     0.100000        12039         1.11
       1.422     0.200000        24099         1.25
       1.494     0.300000        36095         1.43
       1.559     0.400000        47976         1.67
       1.631     0.500000        59985         2.00
       1.670     0.550000        65997         2.22
       1.715     0.600000        71904         2.50
       1.772     0.650000        77975         2.86
       1.836     0.700000        83927         3.33
       1.909     0.750000        89886         4.00
       1.952     0.775000        92913         4.44
       2.001     0.800000        95857         5.00
       2.061     0.825000        98869         5.71
       2.139     0.850000       101863         6.67
       2.235     0.875000       104890         8.00
       2.285     0.887500       106378         8.89
       2.341     0.900000       107839        10.00
       2.405     0.912500       109373        11.43
       2.473     0.925000       110825        13.33
       2.557     0.937500       112347        16.00
       2.607     0.943750       113080        17.78
       2.665     0.950000       113829        20.00
       2.723     0.956250       114580        22.86
       2.799     0.962500       115319        26.67
       2.889     0.968750       116064        32.00
       2.945     0.971875       116443        35.56
       3.007     0.975000       116810        40.00
       3.081     0.978125       117198        45.71
       3.167     0.981250       117566        53.33
       3.297     0.984375       117935        64.00
       3.389     0.985938       118123        71.11
       3.499     0.987500       118308        80.00
       3.653     0.989062       118494        91.43
       3.845     0.990625       118682       106.67
       4.111     0.992188       118872       128.00
       4.223     0.992969       118964       142.22
       4.351     0.993750       119058       160.00
       4.495     0.994531       119151       182.86
       4.639     0.995313       119244       213.33
       4.859     0.996094       119339       256.00
       4.939     0.996484       119385       284.44
       5.075     0.996875       119430       320.00
       5.231     0.997266       119478       365.71
       5.367     0.997656       119524       426.67
       5.511     0.998047       119571       512.00
       5.591     0.998242       119594       568.89
       5.723     0.998437       119617       640.00
       5.859     0.998633       119641       731.43
       6.035     0.998828       119664       853.33
       6.259     0.999023       119689      1024.00
       6.371     0.999121       119699      1137.78
       6.439     0.999219       119711      1280.00
       6.627     0.999316       119723      1462.86
       6.715     0.999414       119734      1706.67
       7.035     0.999512       119746      2048.00
       7.147     0.999561       119752      2275.56
       7.319     0.999609       119758      2560.00
       7.587     0.999658       119764      2925.71
       7.835     0.999707       119769      3413.33
       8.075     0.999756       119775      4096.00
       8.279     0.999780       119778      4551.11
       8.423     0.999805       119781      5120.00
       8.591     0.999829       119784      5851.43
       8.767     0.999854       119787      6826.67
       9.183     0.999878       119790      8192.00
       9.223     0.999890       119791      9102.22
       9.239     0.999902       119793     10240.00
       9.839     0.999915       119794     11702.86
      10.095     0.999927       119796     13653.33
      10.663     0.999939       119797     16384.00
      11.975     0.999945       119798     18204.44
      13.487     0.999951       119799     20480.00
      13.487     0.999957       119799     23405.71
      13.647     0.999963       119800     27306.67
      17.727     0.999969       119801     32768.00
      17.727     0.999973       119801     36408.89
      19.791     0.999976       119802     40960.00
      19.791     0.999979       119802     46811.43
      19.791     0.999982       119802     54613.33
      34.015     0.999985       119803     65536.00
      34.015     0.999986       119803     72817.78
      34.015     0.999988       119803     81920.00
      34.015     0.999989       119803     93622.86
      34.015     0.999991       119803    109226.67
      38.207     0.999992       119804    131072.00
      38.207     1.000000       119804          inf
#[Mean    =        1.762, StdDeviation   =        0.551]
#[Max     =       38.176, Total count    =       119804]
#[Buckets =           27, SubBuckets     =         2048]
----------------------------------------------------------
  178556 requests in 30.00s, 51.60MB read
  Non-2xx or 3xx responses: 201
Requests/sec:   5951.76
Transfer/sec:      1.72MB
