Using argument nginx
using  args: threads=4 and connections=512 and duration=30 and requests=14000
Running 30s test @ http://10.10.1.4:5000
  4 threads and 512 connections
  Thread calibration: mean lat.: 2990.622ms, rate sampling interval: 11378ms
  Thread calibration: mean lat.: 3042.025ms, rate sampling interval: 11304ms
  Thread calibration: mean lat.: 3078.162ms, rate sampling interval: 11493ms
  Thread calibration: mean lat.: 2943.280ms, rate sampling interval: 10682ms
  Thread Stats   Avg      Stdev     99%   +/- Stdev
    Latency    12.69s     3.80s   19.60s    58.59%
    Req/Sec     1.23k    12.83     1.25k    50.00%
  Latency Distribution (HdrHistogram - Recorded Latency)
 50.000%   12.66s 
 75.000%   15.95s 
 90.000%   17.91s 
 99.000%   19.60s 
 99.900%   20.45s 
 99.990%   20.96s 
 99.999%   21.09s 
100.000%   21.15s 

  Detailed Percentile spectrum:
       Value   Percentile   TotalCount 1/(1-Percentile)

    4653.055     0.000000            1         1.00
    7544.831     0.100000         9840         1.11
    8814.591     0.200000        19656         1.25
   10051.583     0.300000        29481         1.43
   11345.919     0.400000        39288         1.67
   12664.831     0.500000        49115         2.00
   13320.191     0.550000        53989         2.22
   13959.167     0.600000        58921         2.50
   14622.719     0.650000        63822         2.86
   15294.463     0.700000        68727         3.33
   15949.823     0.750000        73645         4.00
   16269.311     0.775000        76072         4.44
   16596.991     0.800000        78512         5.00
   16941.055     0.825000        81021         5.71
   17252.351     0.850000        83465         6.67
   17563.647     0.875000        85878         8.00
   17743.871     0.887500        87169         8.89
   17907.711     0.900000        88400        10.00
   18071.551     0.912500        89578        11.43
   18251.775     0.925000        90788        13.33
   18431.999     0.937500        91997        16.00
   18546.687     0.943750        92680        17.78
   18644.991     0.950000        93245        20.00
   18759.679     0.956250        93899        22.86
   18857.983     0.962500        94448        26.67
   18989.055     0.968750        95077        32.00
   19054.591     0.971875        95386        35.56
   19120.127     0.975000        95667        40.00
   19202.047     0.978125        96019        45.71
   19283.967     0.981250        96290        53.33
   19382.271     0.984375        96604        64.00
   19431.423     0.985938        96747        71.11
   19480.575     0.987500        96896        80.00
   19562.495     0.989062        97071        91.43
   19628.031     0.990625        97235       106.67
   19693.567     0.992188        97370       128.00
   19726.335     0.992969        97429       142.22
   19791.871     0.993750        97517       160.00
   19841.023     0.994531        97589       182.86
   19906.559     0.995313        97670       213.33
   19972.095     0.996094        97737       256.00
   20021.247     0.996484        97780       284.44
   20054.015     0.996875        97817       320.00
   20103.167     0.997266        97859       365.71
   20152.319     0.997656        97891       426.67
   20234.239     0.998047        97932       512.00
   20267.007     0.998242        97953       568.89
   20283.391     0.998437        97965       640.00
   20332.543     0.998633        97984       731.43
   20398.079     0.998828        98008       853.33
   20479.999     0.999023        98024      1024.00
   20512.767     0.999121        98033      1137.78
   20561.919     0.999219        98042      1280.00
   20611.071     0.999316        98052      1462.86
   20660.223     0.999414        98062      1706.67
   20709.375     0.999512        98075      2048.00
   20709.375     0.999561        98075      2275.56
   20742.143     0.999609        98081      2560.00
   20758.527     0.999658        98087      2925.71
   20774.911     0.999707        98091      3413.33
   20807.679     0.999756        98095      4096.00
   20856.831     0.999780        98098      4551.11
   20873.215     0.999805        98099      5120.00
   20889.599     0.999829        98103      5851.43
   20905.983     0.999854        98105      6826.67
   20938.751     0.999878        98107      8192.00
   20955.135     0.999890        98111      9102.22
   20955.135     0.999902        98111     10240.00
   20955.135     0.999915        98111     11702.86
   20955.135     0.999927        98111     13653.33
   20987.903     0.999939        98113     16384.00
   20987.903     0.999945        98113     18204.44
   21020.671     0.999951        98115     20480.00
   21020.671     0.999957        98115     23405.71
   21020.671     0.999963        98115     27306.67
   21069.823     0.999969        98116     32768.00
   21069.823     0.999973        98116     36408.89
   21069.823     0.999976        98116     40960.00
   21069.823     0.999979        98116     46811.43
   21086.207     0.999982        98117     54613.33
   21086.207     0.999985        98117     65536.00
   21086.207     0.999986        98117     72817.78
   21086.207     0.999988        98117     81920.00
   21086.207     0.999989        98117     93622.86
   21151.743     0.999991        98118    109226.67
   21151.743     1.000000        98118          inf
#[Mean    =    12691.562, StdDeviation   =     3798.979]
#[Max     =    21135.360, Total count    =        98118]
#[Buckets =           27, SubBuckets     =         2048]
----------------------------------------------------------
  148832 requests in 30.00s, 61.50MB read
Requests/sec:   4961.09
Transfer/sec:      2.05MB
