Using argument nginx
using  args: threads=4 and connections=512 and duration=30 and requests=5000
Running 30s test @ http://10.10.1.4:8080/wrk2-api/user-timeline/read
  4 threads and 512 connections
  Thread calibration: mean lat.: 2416.860ms, rate sampling interval: 9175ms
  Thread calibration: mean lat.: 2510.370ms, rate sampling interval: 9314ms
  Thread calibration: mean lat.: 2485.901ms, rate sampling interval: 9363ms
  Thread calibration: mean lat.: 2459.904ms, rate sampling interval: 9166ms
  Thread Stats   Avg      Stdev     99%   +/- Stdev
    Latency    10.36s     3.26s   16.92s    60.23%
    Req/Sec   568.12     15.50   586.00     62.50%
  Latency Distribution (HdrHistogram - Recorded Latency)
 50.000%   10.17s 
 75.000%   13.03s 
 90.000%   14.91s 
 99.000%   16.92s 
 99.900%   18.10s 
 99.990%   18.60s 
 99.999%   18.94s 
100.000%   18.94s 

  Detailed Percentile spectrum:
       Value   Percentile   TotalCount 1/(1-Percentile)

    3026.943     0.000000            1         1.00
    6111.231     0.100000         4526         1.11
    7131.135     0.200000         9035         1.25
    8118.271     0.300000        13558         1.43
    9142.271     0.400000        18099         1.67
   10174.463     0.500000        22616         2.00
   10723.327     0.550000        24876         2.22
   11280.383     0.600000        27113         2.50
   11845.631     0.650000        29386         2.86
   12435.455     0.700000        31634         3.33
   13025.279     0.750000        33907         4.00
   13328.383     0.775000        35028         4.44
   13631.487     0.800000        36154         5.00
   13942.783     0.825000        37276         5.71
   14245.887     0.850000        38408         6.67
   14565.375     0.875000        39538         8.00
   14737.407     0.887500        40107         8.89
   14909.439     0.900000        40665        10.00
   15089.663     0.912500        41235        11.43
   15278.079     0.925000        41804        13.33
   15482.879     0.937500        42347        16.00
   15597.567     0.943750        42641        17.78
   15712.255     0.950000        42912        20.00
   15851.519     0.956250        43199        22.86
   15982.591     0.962500        43482        26.67
   16138.239     0.968750        43767        32.00
   16228.351     0.971875        43914        35.56
   16310.271     0.975000        44045        40.00
   16424.959     0.978125        44187        45.71
   16531.455     0.981250        44327        53.33
   16654.335     0.984375        44470        64.00
   16719.871     0.985938        44540        71.11
   16809.983     0.987500        44608        80.00
   16875.519     0.989062        44676        91.43
   16957.439     0.990625        44748       106.67
   17072.127     0.992188        44824       128.00
   17121.279     0.992969        44853       142.22
   17203.199     0.993750        44891       160.00
   17252.351     0.994531        44926       182.86
   17334.271     0.995313        44959       213.33
   17416.191     0.996094        44998       256.00
   17465.343     0.996484        45016       284.44
   17514.495     0.996875        45035       320.00
   17563.647     0.997266        45048       365.71
   17645.567     0.997656        45068       426.67
   17743.871     0.998047        45083       512.00
   17793.023     0.998242        45090       568.89
   17891.327     0.998437        45099       640.00
   17940.479     0.998633        45108       731.43
   18055.167     0.998828        45117       853.33
   18104.319     0.999023        45127      1024.00
   18153.471     0.999121        45131      1137.78
   18186.239     0.999219        45134      1280.00
   18251.775     0.999316        45139      1462.86
   18300.927     0.999414        45146      1706.67
   18333.695     0.999512        45147      2048.00
   18382.847     0.999561        45150      2275.56
   18431.999     0.999609        45153      2560.00
   18448.383     0.999658        45154      2925.71
   18464.767     0.999707        45156      3413.33
   18481.151     0.999756        45158      4096.00
   18563.071     0.999780        45161      4551.11
   18563.071     0.999805        45161      5120.00
   18579.455     0.999829        45162      5851.43
   18595.839     0.999854        45164      6826.67
   18595.839     0.999878        45164      8192.00
   18661.375     0.999890        45165      9102.22
   18661.375     0.999902        45165     10240.00
   18677.759     0.999915        45166     11702.86
   18677.759     0.999927        45166     13653.33
   18694.143     0.999939        45167     16384.00
   18694.143     0.999945        45167     18204.44
   18694.143     0.999951        45167     20480.00
   18792.447     0.999957        45168     23405.71
   18792.447     0.999963        45168     27306.67
   18792.447     0.999969        45168     32768.00
   18792.447     0.999973        45168     36408.89
   18792.447     0.999976        45168     40960.00
   18939.903     0.999979        45169     46811.43
   18939.903     1.000000        45169          inf
#[Mean    =    10362.582, StdDeviation   =     3260.147]
#[Max     =    18923.520, Total count    =        45169]
#[Buckets =           27, SubBuckets     =         2048]
----------------------------------------------------------
  69758 requests in 30.00s, 12.24MB read
Requests/sec:   2325.10
Transfer/sec:    417.79KB
