Using argument nginx
using  args: threads=4 and connections=512 and duration=30 and requests=6000
Running 30s test @ http://10.10.1.4:8080/wrk2-api/user-timeline/read
  4 threads and 512 connections
  Thread calibration: mean lat.: 2432.964ms, rate sampling interval: 10321ms
  Thread calibration: mean lat.: 2827.886ms, rate sampling interval: 10362ms
  Thread calibration: mean lat.: 2434.803ms, rate sampling interval: 10330ms
  Thread calibration: mean lat.: 2882.519ms, rate sampling interval: 10518ms
  Thread Stats   Avg      Stdev     99%   +/- Stdev
    Latency    12.80s     4.55s   20.63s    55.48%
    Req/Sec   448.50      3.77   452.00     75.00%
  Latency Distribution (HdrHistogram - Recorded Latency)
 50.000%   11.82s 
 75.000%   17.27s 
 90.000%   18.94s 
 99.000%   20.63s 
 99.900%   21.50s 
 99.990%   22.13s 
 99.999%   22.41s 
100.000%   22.41s 

  Detailed Percentile spectrum:
       Value   Percentile   TotalCount 1/(1-Percentile)

    4079.615     0.000000            1         1.00
    6914.047     0.100000         3459         1.11
    8212.479     0.200000         6916         1.25
    9461.759     0.300000        10397         1.43
   10534.911     0.400000        13845         1.67
   11821.055     0.500000        17287         2.00
   13311.999     0.550000        19019         2.22
   14417.919     0.600000        20745         2.50
   15826.943     0.650000        22478         2.86
   16670.719     0.700000        24215         3.33
   17268.735     0.750000        25960         4.00
   17547.263     0.775000        26805         4.44
   17825.791     0.800000        27708         5.00
   18071.551     0.825000        28533         5.71
   18350.079     0.850000        29390         6.67
   18644.991     0.875000        30290         8.00
   18792.447     0.887500        30727         8.89
   18939.903     0.900000        31147        10.00
   19103.743     0.912500        31598        11.43
   19267.583     0.925000        32009        13.33
   19447.807     0.937500        32441        16.00
   19546.111     0.943750        32643        17.78
   19644.415     0.950000        32853        20.00
   19759.103     0.956250        33066        22.86
   19873.791     0.962500        33288        26.67
   20004.863     0.968750        33514        32.00
   20070.399     0.971875        33613        35.56
   20135.935     0.975000        33715        40.00
   20234.239     0.978125        33837        45.71
   20316.159     0.981250        33942        53.33
   20398.079     0.984375        34038        64.00
   20463.615     0.985938        34090        71.11
   20529.151     0.987500        34150        80.00
   20594.687     0.989062        34207        91.43
   20660.223     0.990625        34251       106.67
   20742.143     0.992188        34302       128.00
   20791.295     0.992969        34332       142.22
   20840.447     0.993750        34364       160.00
   20905.983     0.994531        34383       182.86
   20971.519     0.995313        34411       213.33
   21037.055     0.996094        34440       256.00
   21086.207     0.996484        34454       284.44
   21118.975     0.996875        34466       320.00
   21168.127     0.997266        34481       365.71
   21217.279     0.997656        34491       426.67
   21299.199     0.998047        34509       512.00
   21315.583     0.998242        34513       568.89
   21364.735     0.998437        34518       640.00
   21397.503     0.998633        34526       731.43
   21446.655     0.998828        34532       853.33
   21512.191     0.999023        34539      1024.00
   21544.959     0.999121        34542      1137.78
   21577.727     0.999219        34545      1280.00
   21594.111     0.999316        34549      1462.86
   21626.879     0.999414        34553      1706.67
   21643.263     0.999512        34556      2048.00
   21676.031     0.999561        34557      2275.56
   21692.415     0.999609        34560      2560.00
   21725.183     0.999658        34561      2925.71
   21757.951     0.999707        34562      3413.33
   21790.719     0.999756        34564      4096.00
   21856.255     0.999780        34565      4551.11
   21905.407     0.999805        34566      5120.00
   21987.327     0.999829        34567      5851.43
   21987.327     0.999854        34567      6826.67
   22020.095     0.999878        34568      8192.00
   22134.783     0.999890        34569      9102.22
   22134.783     0.999902        34569     10240.00
   22331.391     0.999915        34571     11702.86
   22331.391     0.999927        34571     13653.33
   22331.391     0.999939        34571     16384.00
   22331.391     0.999945        34571     18204.44
   22331.391     0.999951        34571     20480.00
   22331.391     0.999957        34571     23405.71
   22331.391     0.999963        34571     27306.67
   22331.391     0.999969        34571     32768.00
   22413.311     0.999973        34572     36408.89
   22413.311     1.000000        34572          inf
#[Mean    =    12801.251, StdDeviation   =     4545.479]
#[Max     =    22396.928, Total count    =        34572]
#[Buckets =           27, SubBuckets     =         2048]
----------------------------------------------------------
  56323 requests in 30.00s, 10.05MB read
  Non-2xx or 3xx responses: 1008
Requests/sec:   1877.46
Transfer/sec:    343.03KB
