Using argument nginx
using  args: threads=4 and connections=512 and duration=30 and requests=2000
Running 30s test @ http://10.10.1.4:8080
  4 threads and 512 connections
  Thread calibration: mean lat.: 0.744ms, rate sampling interval: 10ms
  Thread calibration: mean lat.: 0.735ms, rate sampling interval: 10ms
  Thread calibration: mean lat.: 0.716ms, rate sampling interval: 10ms
  Thread calibration: mean lat.: 0.714ms, rate sampling interval: 10ms
  Thread Stats   Avg      Stdev     99%   +/- Stdev
    Latency   701.14us  581.03us   2.40ms   89.80%
    Req/Sec   526.45    236.24     1.11k    69.37%
  Latency Distribution (HdrHistogram - Recorded Latency)
 50.000%  533.00us
 75.000%  693.00us
 90.000%    1.59ms
 99.000%    2.40ms
 99.900%    3.43ms
 99.990%   16.02ms
 99.999%   16.42ms
100.000%   16.42ms

  Detailed Percentile spectrum:
       Value   Percentile   TotalCount 1/(1-Percentile)

       0.274     0.000000            1         1.00
       0.394     0.100000         4068         1.11
       0.420     0.200000         8109         1.25
       0.445     0.300000        11997         1.43
       0.478     0.400000        15937         1.67
       0.533     0.500000        19875         2.00
       0.573     0.550000        21833         2.22
       0.608     0.600000        23859         2.50
       0.635     0.650000        25831         2.86
       0.662     0.700000        27798         3.33
       0.693     0.750000        29797         4.00
       0.711     0.775000        30777         4.44
       0.735     0.800000        31767         5.00
       0.766     0.825000        32765         5.71
       0.809     0.850000        33746         6.67
       0.892     0.875000        34743         8.00
       0.978     0.887500        35228         8.89
       1.591     0.900000        35722        10.00
       1.740     0.912500        36219        11.43
       1.812     0.925000        36721        13.33
       1.879     0.937500        37211        16.00
       1.913     0.943750        37462        17.78
       1.949     0.950000        37716        20.00
       1.985     0.956250        37962        22.86
       2.027     0.962500        38204        26.67
       2.079     0.968750        38459        32.00
       2.107     0.971875        38578        35.56
       2.139     0.975000        38699        40.00
       2.175     0.978125        38823        45.71
       2.217     0.981250        38947        53.33
       2.261     0.984375        39073        64.00
       2.295     0.985938        39138        71.11
       2.325     0.987500        39197        80.00
       2.369     0.989062        39258        91.43
       2.411     0.990625        39322       106.67
       2.451     0.992188        39381       128.00
       2.487     0.992969        39416       142.22
       2.517     0.993750        39443       160.00
       2.555     0.994531        39476       182.86
       2.599     0.995313        39505       213.33
       2.653     0.996094        39536       256.00
       2.681     0.996484        39553       284.44
       2.721     0.996875        39567       320.00
       2.775     0.997266        39584       365.71
       2.821     0.997656        39599       426.67
       2.939     0.998047        39614       512.00
       2.973     0.998242        39622       568.89
       3.019     0.998437        39629       640.00
       3.065     0.998633        39637       731.43
       3.217     0.998828        39645       853.33
       3.491     0.999023        39653      1024.00
       3.731     0.999121        39657      1137.78
       3.793     0.999219        39660      1280.00
       4.089     0.999316        39664      1462.86
       5.987     0.999414        39668      1706.67
      12.999     0.999512        39672      2048.00
      15.231     0.999561        39674      2275.56
      15.415     0.999609        39676      2560.00
      15.631     0.999658        39678      2925.71
      15.671     0.999707        39680      3413.33
      15.791     0.999756        39682      4096.00
      15.799     0.999780        39683      4551.11
      15.831     0.999805        39684      5120.00
      15.879     0.999829        39685      5851.43
      15.911     0.999854        39686      6826.67
      16.023     0.999878        39687      8192.00
      16.023     0.999890        39687      9102.22
      16.031     0.999902        39688     10240.00
      16.031     0.999915        39688     11702.86
      16.103     0.999927        39689     13653.33
      16.103     0.999939        39689     16384.00
      16.103     0.999945        39689     18204.44
      16.183     0.999951        39690     20480.00
      16.183     0.999957        39690     23405.71
      16.183     0.999963        39690     27306.67
      16.183     0.999969        39690     32768.00
      16.183     0.999973        39690     36408.89
      16.415     0.999976        39691     40960.00
      16.415     1.000000        39691          inf
#[Mean    =        0.701, StdDeviation   =        0.581]
#[Max     =       16.400, Total count    =        39691]
#[Buckets =           27, SubBuckets     =         2048]
----------------------------------------------------------
  59192 requests in 30.00s, 11.32MB read
  Socket errors: connect 0, read 0, write 0, timeout 9
Requests/sec:   1972.81
Transfer/sec:    386.50KB
