Using argument nginx
using  args: threads=4 and connections=512 and duration=30 and requests=10000
Running 30s test @ http://10.10.1.4:5000
  4 threads and 512 connections
  Thread calibration: mean lat.: 2554.423ms, rate sampling interval: 9347ms
  Thread calibration: mean lat.: 2508.716ms, rate sampling interval: 9215ms
  Thread calibration: mean lat.: 2501.900ms, rate sampling interval: 9248ms
  Thread calibration: mean lat.: 2539.806ms, rate sampling interval: 9306ms
  Thread Stats   Avg      Stdev     99%   +/- Stdev
    Latency    10.08s     3.02s   16.00s    60.26%
    Req/Sec     1.24k     5.25     1.25k    87.50%
  Latency Distribution (HdrHistogram - Recorded Latency)
 50.000%   10.02s 
 75.000%   12.55s 
 90.000%   14.19s 
 99.000%   16.00s 
 99.900%   16.99s 
 99.990%   17.76s 
 99.999%   18.09s 
100.000%   18.15s 

  Detailed Percentile spectrum:
       Value   Percentile   TotalCount 1/(1-Percentile)

    2666.495     0.000000            1         1.00
    6017.023     0.100000         9856         1.11
    7061.503     0.200000        19687         1.25
    8073.215     0.300000        29487         1.43
    9035.775     0.400000        39385         1.67
   10018.815     0.500000        49191         2.00
   10551.295     0.550000        54128         2.22
   11042.815     0.600000        59004         2.50
   11526.143     0.650000        63891         2.86
   12025.855     0.700000        68824         3.33
   12550.143     0.750000        73720         4.00
   12812.287     0.775000        76187         4.44
   13074.431     0.800000        78688         5.00
   13328.383     0.825000        81116         5.71
   13590.527     0.850000        83599         6.67
   13877.247     0.875000        86060         8.00
   14024.703     0.887500        87271         8.89
   14188.543     0.900000        88488        10.00
   14344.191     0.912500        89702        11.43
   14516.223     0.925000        90930        13.33
   14712.831     0.937500        92177        16.00
   14811.135     0.943750        92770        17.78
   14925.823     0.950000        93394        20.00
   15040.511     0.956250        93994        22.86
   15179.775     0.962500        94637        26.67
   15319.039     0.968750        95244        32.00
   15392.767     0.971875        95537        35.56
   15474.687     0.975000        95854        40.00
   15548.415     0.978125        96143        45.71
   15646.719     0.981250        96461        53.33
   15753.215     0.984375        96767        64.00
   15802.367     0.985938        96910        71.11
   15867.903     0.987500        97076        80.00
   15941.631     0.989062        97223        91.43
   16031.743     0.990625        97373       106.67
   16130.047     0.992188        97523       128.00
   16179.199     0.992969        97601       142.22
   16236.543     0.993750        97676       160.00
   16302.079     0.994531        97763       182.86
   16367.615     0.995313        97834       213.33
   16449.535     0.996094        97911       256.00
   16490.495     0.996484        97948       284.44
   16539.647     0.996875        97989       320.00
   16596.991     0.997266        98030       365.71
   16646.143     0.997656        98061       426.67
   16728.063     0.998047        98100       512.00
   16769.023     0.998242        98120       568.89
   16809.983     0.998437        98141       640.00
   16859.135     0.998633        98156       731.43
   16924.671     0.998828        98182       853.33
   17006.591     0.999023        98196      1024.00
   17039.359     0.999121        98207      1137.78
   17072.127     0.999219        98215      1280.00
   17121.279     0.999316        98223      1462.86
   17170.431     0.999414        98233      1706.67
   17252.351     0.999512        98244      2048.00
   17285.119     0.999561        98248      2275.56
   17301.503     0.999609        98252      2560.00
   17383.423     0.999658        98258      2925.71
   17432.575     0.999707        98262      3413.33
   17481.727     0.999756        98267      4096.00
   17596.415     0.999780        98270      4551.11
   17612.799     0.999805        98273      5120.00
   17629.183     0.999829        98274      5851.43
   17645.567     0.999854        98277      6826.67
   17743.871     0.999878        98279      8192.00
   17760.255     0.999890        98280      9102.22
   17874.943     0.999902        98281     10240.00
   17907.711     0.999915        98282     11702.86
   17973.247     0.999927        98283     13653.33
   17989.631     0.999939        98285     16384.00
   17989.631     0.999945        98285     18204.44
   18022.399     0.999951        98286     20480.00
   18022.399     0.999957        98286     23405.71
   18055.167     0.999963        98287     27306.67
   18071.551     0.999969        98288     32768.00
   18071.551     0.999973        98288     36408.89
   18071.551     0.999976        98288     40960.00
   18071.551     0.999979        98288     46811.43
   18087.935     0.999982        98289     54613.33
   18087.935     0.999985        98289     65536.00
   18087.935     0.999986        98289     72817.78
   18087.935     0.999988        98289     81920.00
   18087.935     0.999989        98289     93622.86
   18153.471     0.999991        98290    109226.67
   18153.471     1.000000        98290          inf
#[Mean    =    10076.772, StdDeviation   =     3019.042]
#[Max     =    18137.088, Total count    =        98290]
#[Buckets =           27, SubBuckets     =         2048]
----------------------------------------------------------
  147865 requests in 30.01s, 61.29MB read
Requests/sec:   4926.95
Transfer/sec:      2.04MB
