Using argument nginx
using  args: threads=4 and connections=512 and duration=30 and requests=12000
Running 30s test @ http://10.10.1.4:5000
  4 threads and 512 connections
  Thread calibration: mean lat.: 2828.612ms, rate sampling interval: 10444ms
  Thread calibration: mean lat.: 2558.451ms, rate sampling interval: 9486ms
  Thread calibration: mean lat.: 2813.143ms, rate sampling interval: 10461ms
  Thread calibration: mean lat.: 2777.446ms, rate sampling interval: 10297ms
  Thread Stats   Avg      Stdev     99%   +/- Stdev
    Latency    11.49s     3.44s   17.99s    59.26%
    Req/Sec     1.27k    16.27     1.29k    60.00%
  Latency Distribution (HdrHistogram - Recorded Latency)
 50.000%   11.36s 
 75.000%   14.41s 
 90.000%   16.25s 
 99.000%   17.99s 
 99.900%   18.87s 
 99.990%   19.58s 
 99.999%   19.74s 
100.000%   19.79s 

  Detailed Percentile spectrum:
       Value   Percentile   TotalCount 1/(1-Percentile)

    3438.591     0.000000            1         1.00
    6856.703     0.100000         9962         1.11
    8044.543     0.200000        19923         1.25
    9183.231     0.300000        29883         1.43
   10256.383     0.400000        39860         1.67
   11362.303     0.500000        49815         2.00
   11919.359     0.550000        54754         2.22
   12533.759     0.600000        59725         2.50
   13156.351     0.650000        64728         2.86
   13770.751     0.700000        69698         3.33
   14409.727     0.750000        74694         4.00
   14721.023     0.775000        77197         4.44
   15015.935     0.800000        79650         5.00
   15327.231     0.825000        82161         5.71
   15622.143     0.850000        84615         6.67
   15933.439     0.875000        87111         8.00
   16097.279     0.887500        88389         8.89
   16252.927     0.900000        89606        10.00
   16408.575     0.912500        90831        11.43
   16580.607     0.925000        92096        13.33
   16769.023     0.937500        93367        16.00
   16875.519     0.943750        94048        17.78
   16973.823     0.950000        94625        20.00
   17072.127     0.956250        95186        22.86
   17203.199     0.962500        95802        26.67
   17334.271     0.968750        96428        32.00
   17416.191     0.971875        96772        35.56
   17498.111     0.975000        97104        40.00
   17563.647     0.978125        97360        45.71
   17661.951     0.981250        97677        53.33
   17760.255     0.984375        97980        64.00
   17825.791     0.985938        98170        71.11
   17874.943     0.987500        98292        80.00
   17956.863     0.989062        98474        91.43
   18022.399     0.990625        98627       106.67
   18120.703     0.992188        98776       128.00
   18153.471     0.992969        98848       142.22
   18186.239     0.993750        98918       160.00
   18235.391     0.994531        98991       182.86
   18317.311     0.995313        99088       213.33
   18366.463     0.996094        99152       256.00
   18415.615     0.996484        99188       284.44
   18464.767     0.996875        99233       320.00
   18513.919     0.997266        99268       365.71
   18546.687     0.997656        99301       426.67
   18612.223     0.998047        99343       512.00
   18661.375     0.998242        99365       568.89
   18694.143     0.998437        99381       640.00
   18743.295     0.998633        99398       731.43
   18808.831     0.998828        99418       853.33
   18890.751     0.999023        99439      1024.00
   18956.287     0.999121        99447      1137.78
   18989.055     0.999219        99460      1280.00
   19021.823     0.999316        99472      1462.86
   19070.975     0.999414        99476      1706.67
   19152.895     0.999512        99488      2048.00
   19169.279     0.999561        99492      2275.56
   19251.199     0.999609        99498      2560.00
   19267.583     0.999658        99501      2925.71
   19316.735     0.999707        99506      3413.33
   19398.655     0.999756        99510      4096.00
   19464.191     0.999780        99513      4551.11
   19480.575     0.999805        99517      5120.00
   19480.575     0.999829        99517      5851.43
   19529.727     0.999854        99520      6826.67
   19562.495     0.999878        99522      8192.00
   19578.879     0.999890        99524      9102.22
   19611.647     0.999902        99525     10240.00
   19644.415     0.999915        99527     11702.86
   19644.415     0.999927        99527     13653.33
   19677.183     0.999939        99529     16384.00
   19677.183     0.999945        99529     18204.44
   19693.567     0.999951        99530     20480.00
   19693.567     0.999957        99530     23405.71
   19726.335     0.999963        99532     27306.67
   19726.335     0.999969        99532     32768.00
   19726.335     0.999973        99532     36408.89
   19726.335     0.999976        99532     40960.00
   19726.335     0.999979        99532     46811.43
   19742.719     0.999982        99533     54613.33
   19742.719     0.999985        99533     65536.00
   19742.719     0.999986        99533     72817.78
   19742.719     0.999988        99533     81920.00
   19742.719     0.999989        99533     93622.86
   19791.871     0.999991        99534    109226.67
   19791.871     1.000000        99534          inf
#[Mean    =    11492.660, StdDeviation   =     3440.743]
#[Max     =    19775.488, Total count    =        99534]
#[Buckets =           27, SubBuckets     =         2048]
----------------------------------------------------------
  148208 requests in 30.01s, 61.27MB read
Requests/sec:   4938.21
Transfer/sec:      2.04MB
