Using argument nginx
using  args: threads=4 and connections=512 and duration=30 and requests=20000
Running 30s test @ http://10.10.1.4:5000
  4 threads and 512 connections
  Thread calibration: mean lat.: 3444.184ms, rate sampling interval: 12402ms
  Thread calibration: mean lat.: 3610.914ms, rate sampling interval: 13434ms
  Thread calibration: mean lat.: 3626.471ms, rate sampling interval: 13500ms
  Thread calibration: mean lat.: 3651.833ms, rate sampling interval: 13631ms
  Thread Stats   Avg      Stdev     99%   +/- Stdev
    Latency    14.93s     4.37s   22.69s    58.12%
    Req/Sec     1.21k    12.12     1.23k    50.00%
  Latency Distribution (HdrHistogram - Recorded Latency)
 50.000%   14.93s 
 75.000%   18.66s 
 90.000%   21.00s 
 99.000%   22.69s 
 99.900%   23.36s 
 99.990%   23.79s 
 99.999%   24.02s 
100.000%   24.04s 

  Detailed Percentile spectrum:
       Value   Percentile   TotalCount 1/(1-Percentile)

    6168.575     0.000000            1         1.00
    8953.855     0.100000         9666         1.11
   10387.455     0.200000        19270         1.25
   11902.975     0.300000        28882         1.43
   13402.111     0.400000        38508         1.67
   14934.015     0.500000        48101         2.00
   15745.023     0.550000        52947         2.22
   16465.919     0.600000        57760         2.50
   17170.431     0.650000        62525         2.86
   17891.327     0.700000        67389         3.33
   18661.375     0.750000        72202         4.00
   19038.207     0.775000        74585         4.44
   19415.039     0.800000        76982         5.00
   19824.639     0.825000        79446         5.71
   20201.471     0.850000        81787         6.67
   20611.071     0.875000        84256         8.00
   20807.679     0.887500        85441         8.89
   21004.287     0.900000        86638        10.00
   21184.511     0.912500        87848        11.43
   21381.119     0.925000        89002        13.33
   21577.727     0.937500        90261        16.00
   21676.031     0.943750        90856        17.78
   21774.335     0.950000        91392        20.00
   21889.023     0.956250        92042        22.86
   22003.711     0.962500        92648        26.67
   22134.783     0.968750        93229        32.00
   22200.319     0.971875        93517        35.56
   22265.855     0.975000        93865        40.00
   22331.391     0.978125        94116        45.71
   22413.311     0.981250        94425        53.33
   22495.231     0.984375        94720        64.00
   22544.383     0.985938        94880        71.11
   22593.535     0.987500        95029        80.00
   22642.687     0.989062        95149        91.43
   22708.223     0.990625        95291       106.67
   22773.759     0.992188        95441       128.00
   22822.911     0.992969        95542       142.22
   22855.679     0.993750        95597       160.00
   22921.215     0.994531        95685       182.86
   22970.367     0.995313        95749       213.33
   23019.519     0.996094        95818       256.00
   23052.287     0.996484        95854       284.44
   23101.439     0.996875        95904       320.00
   23134.207     0.997266        95935       365.71
   23183.359     0.997656        95981       426.67
   23232.511     0.998047        96015       512.00
   23248.895     0.998242        96025       568.89
   23281.663     0.998437        96045       640.00
   23314.431     0.998633        96067       731.43
   23330.815     0.998828        96080       853.33
   23363.583     0.999023        96100      1024.00
   23412.735     0.999121        96112      1137.78
   23429.119     0.999219        96123      1280.00
   23445.503     0.999316        96130      1462.86
   23478.271     0.999414        96138      1706.67
   23511.039     0.999512        96149      2048.00
   23527.423     0.999561        96157      2275.56
   23527.423     0.999609        96157      2560.00
   23543.807     0.999658        96162      2925.71
   23576.575     0.999707        96168      3413.33
   23592.959     0.999756        96169      4096.00
   23625.727     0.999780        96171      4551.11
   23674.879     0.999805        96174      5120.00
   23707.647     0.999829        96176      5851.43
   23740.415     0.999854        96178      6826.67
   23756.799     0.999878        96181      8192.00
   23789.567     0.999890        96182      9102.22
   23805.951     0.999902        96184     10240.00
   23805.951     0.999915        96184     11702.86
   23822.335     0.999927        96186     13653.33
   23871.487     0.999939        96187     16384.00
   23871.487     0.999945        96187     18204.44
   23937.023     0.999951        96188     20480.00
   23937.023     0.999957        96188     23405.71
   23953.407     0.999963        96189     27306.67
   24018.943     0.999969        96191     32768.00
   24018.943     0.999973        96191     36408.89
   24018.943     0.999976        96191     40960.00
   24018.943     0.999979        96191     46811.43
   24018.943     0.999982        96191     54613.33
   24018.943     0.999985        96191     65536.00
   24018.943     0.999986        96191     72817.78
   24018.943     0.999988        96191     81920.00
   24018.943     0.999989        96191     93622.86
   24035.327     0.999991        96192    109226.67
   24035.327     1.000000        96192          inf
#[Mean    =    14933.868, StdDeviation   =     4374.076]
#[Max     =    24018.944, Total count    =        96192]
#[Buckets =           27, SubBuckets     =         2048]
----------------------------------------------------------
  144710 requests in 30.00s, 59.78MB read
Requests/sec:   4823.77
Transfer/sec:      1.99MB
