Using argument nginx
using  args: threads=4 and connections=512 and duration=30 and requests=5000
Running 30s test @ http://10.10.1.4:8080
  4 threads and 512 connections
  Thread calibration: mean lat.: 0.663ms, rate sampling interval: 10ms
  Thread calibration: mean lat.: 0.662ms, rate sampling interval: 10ms
  Thread calibration: mean lat.: 0.663ms, rate sampling interval: 10ms
  Thread calibration: mean lat.: 0.667ms, rate sampling interval: 10ms
  Thread Stats   Avg      Stdev     99%   +/- Stdev
    Latency   657.38us  676.13us   2.68ms   89.82%
    Req/Sec     1.32k   378.64     2.22k    70.44%
  Latency Distribution (HdrHistogram - Recorded Latency)
 50.000%  454.00us
 75.000%  616.00us
 90.000%    1.51ms
 99.000%    2.68ms
 99.900%    7.09ms
 99.990%   16.02ms
 99.999%   16.53ms
100.000%   16.69ms

  Detailed Percentile spectrum:
       Value   Percentile   TotalCount 1/(1-Percentile)

       0.253     0.000000            1         1.00
       0.361     0.100000        10227         1.11
       0.381     0.200000        20021         1.25
       0.399     0.300000        30089         1.43
       0.420     0.400000        39960         1.67
       0.454     0.500000        49906         2.00
       0.491     0.550000        54917         2.22
       0.542     0.600000        59956         2.50
       0.568     0.650000        64838         2.86
       0.591     0.700000        69961         3.33
       0.616     0.750000        74808         4.00
       0.633     0.775000        77362         4.44
       0.654     0.800000        79846         5.00
       0.681     0.825000        82294         5.71
       0.720     0.850000        84779         6.67
       0.798     0.875000        87262         8.00
       0.882     0.887500        88500         8.89
       1.508     0.900000        89740        10.00
       1.642     0.912500        90987        11.43
       1.724     0.925000        92238        13.33
       1.813     0.937500        93487        16.00
       1.863     0.943750        94106        17.78
       1.924     0.950000        94733        20.00
       1.986     0.956250        95359        22.86
       2.061     0.962500        95986        26.67
       2.145     0.968750        96603        32.00
       2.197     0.971875        96912        35.56
       2.253     0.975000        97229        40.00
       2.311     0.978125        97535        45.71
       2.375     0.981250        97845        53.33
       2.457     0.984375        98155        64.00
       2.501     0.985938        98309        71.11
       2.561     0.987500        98466        80.00
       2.627     0.989062        98621        91.43
       2.719     0.990625        98779       106.67
       2.813     0.992188        98933       128.00
       2.873     0.992969        99013       142.22
       2.955     0.993750        99088       160.00
       3.037     0.994531        99166       182.86
       3.127     0.995313        99244       213.33
       3.251     0.996094        99322       256.00
       3.351     0.996484        99362       284.44
       3.461     0.996875        99400       320.00
       3.571     0.997266        99439       365.71
       3.729     0.997656        99478       426.67
       3.895     0.998047        99518       512.00
       4.047     0.998242        99536       568.89
       4.239     0.998437        99556       640.00
       4.583     0.998633        99575       731.43
       5.639     0.998828        99595       853.33
       7.803     0.999023        99614      1024.00
      11.119     0.999121        99624      1137.78
      14.431     0.999219        99634      1280.00
      15.231     0.999316        99643      1462.86
      15.367     0.999414        99655      1706.67
      15.455     0.999512        99665      2048.00
      15.487     0.999561        99668      2275.56
      15.519     0.999609        99673      2560.00
      15.559     0.999658        99677      2925.71
      15.663     0.999707        99683      3413.33
      15.679     0.999756        99689      4096.00
      15.687     0.999780        99690      4551.11
      15.807     0.999805        99693      5120.00
      15.831     0.999829        99694      5851.43
      15.919     0.999854        99697      6826.67
      15.943     0.999878        99699      8192.00
      16.023     0.999890        99701      9102.22
      16.119     0.999902        99702     10240.00
      16.175     0.999915        99703     11702.86
      16.199     0.999927        99704     13653.33
      16.207     0.999939        99705     16384.00
      16.255     0.999945        99706     18204.44
      16.359     0.999951        99707     20480.00
      16.359     0.999957        99707     23405.71
      16.375     0.999963        99708     27306.67
      16.375     0.999969        99708     32768.00
      16.447     0.999973        99709     36408.89
      16.447     0.999976        99709     40960.00
      16.447     0.999979        99709     46811.43
      16.527     0.999982        99710     54613.33
      16.527     0.999985        99710     65536.00
      16.527     0.999986        99710     72817.78
      16.527     0.999988        99710     81920.00
      16.527     0.999989        99710     93622.86
      16.687     0.999991        99711    109226.67
      16.687     1.000000        99711          inf
#[Mean    =        0.657, StdDeviation   =        0.676]
#[Max     =       16.672, Total count    =        99711]
#[Buckets =           27, SubBuckets     =         2048]
----------------------------------------------------------
  148637 requests in 30.00s, 28.43MB read
Requests/sec:   4954.44
Transfer/sec:      0.95MB
