Using argument nginx
using  args: threads=4 and connections=512 and duration=60 and requests=500
Running 1m test @ http://10.10.1.4:8080/wrk2-api/user-timeline/read
  4 threads and 512 connections
  Thread calibration: mean lat.: 2.181ms, rate sampling interval: 10ms
  Thread calibration: mean lat.: 2.251ms, rate sampling interval: 10ms
  Thread calibration: mean lat.: 2.253ms, rate sampling interval: 10ms
  Thread calibration: mean lat.: 2.230ms, rate sampling interval: 10ms
  Thread Stats   Avg      Stdev     99%   +/- Stdev
    Latency     2.07ms  336.57us   3.28ms   87.03%
    Req/Sec   130.89    117.56   444.00     58.32%
  Latency Distribution (HdrHistogram - Recorded Latency)
 50.000%    1.98ms
 75.000%    2.18ms
 90.000%    2.42ms
 99.000%    3.28ms
 99.900%    4.87ms
 99.990%    9.04ms
 99.999%    9.40ms
100.000%    9.40ms

  Detailed Percentile spectrum:
       Value   Percentile   TotalCount 1/(1-Percentile)

       1.616     0.000000            1         1.00
       1.790     0.100000         2522         1.11
       1.842     0.200000         4997         1.25
       1.886     0.300000         7465         1.43
       1.932     0.400000         9960         1.67
       1.983     0.500000        12460         2.00
       2.012     0.550000        13689         2.22
       2.047     0.600000        14934         2.50
       2.087     0.650000        16200         2.86
       2.131     0.700000        17450         3.33
       2.181     0.750000        18692         4.00
       2.209     0.775000        19324         4.44
       2.239     0.800000        19941         5.00
       2.271     0.825000        20558         5.71
       2.309     0.850000        21167         6.67
       2.357     0.875000        21785         8.00
       2.385     0.887500        22089         8.89
       2.417     0.900000        22406        10.00
       2.453     0.912500        22710        11.43
       2.491     0.925000        23019        13.33
       2.549     0.937500        23334        16.00
       2.579     0.943750        23489        17.78
       2.615     0.950000        23641        20.00
       2.663     0.956250        23803        22.86
       2.709     0.962500        23950        26.67
       2.765     0.968750        24109        32.00
       2.799     0.971875        24188        35.56
       2.843     0.975000        24261        40.00
       2.897     0.978125        24339        45.71
       2.961     0.981250        24417        53.33
       3.047     0.984375        24495        64.00
       3.103     0.985938        24536        71.11
       3.155     0.987500        24575        80.00
       3.235     0.989062        24612        91.43
       3.319     0.990625        24650       106.67
       3.447     0.992188        24689       128.00
       3.533     0.992969        24709       142.22
       3.625     0.993750        24728       160.00
       3.717     0.994531        24747       182.86
       3.785     0.995313        24767       213.33
       3.869     0.996094        24787       256.00
       3.941     0.996484        24796       284.44
       4.037     0.996875        24806       320.00
       4.087     0.997266        24815       365.71
       4.219     0.997656        24825       426.67
       4.299     0.998047        24835       512.00
       4.403     0.998242        24840       568.89
       4.503     0.998437        24845       640.00
       4.519     0.998633        24849       731.43
       4.711     0.998828        24854       853.33
       4.927     0.999023        24859      1024.00
       5.099     0.999121        24862      1137.78
       5.227     0.999219        24864      1280.00
       5.379     0.999316        24866      1462.86
       5.435     0.999414        24869      1706.67
       5.543     0.999512        24871      2048.00
       5.939     0.999561        24873      2275.56
       5.959     0.999609        24874      2560.00
       6.311     0.999658        24875      2925.71
       6.491     0.999707        24876      3413.33
       6.755     0.999756        24877      4096.00
       6.811     0.999780        24878      4551.11
       6.951     0.999805        24879      5120.00
       6.951     0.999829        24879      5851.43
       8.935     0.999854        24880      6826.67
       8.935     0.999878        24880      8192.00
       9.039     0.999890        24881      9102.22
       9.039     0.999902        24881     10240.00
       9.039     0.999915        24881     11702.86
       9.271     0.999927        24882     13653.33
       9.271     0.999939        24882     16384.00
       9.271     0.999945        24882     18204.44
       9.271     0.999951        24882     20480.00
       9.271     0.999957        24882     23405.71
       9.399     0.999963        24883     27306.67
       9.399     1.000000        24883          inf
#[Mean    =        2.068, StdDeviation   =        0.337]
#[Max     =        9.392, Total count    =        24883]
#[Buckets =           27, SubBuckets     =         2048]
----------------------------------------------------------
  29799 requests in 1.00m, 5.23MB read
  Socket errors: connect 0, read 0, write 0, timeout 2072
Requests/sec:    496.57
Transfer/sec:     89.23KB
