Using argument nginx
using  args: threads=4 and connections=512 and duration=30 and requests=16000
Running 30s test @ http://10.10.1.4:5000
  4 threads and 512 connections
  Thread calibration: mean lat.: 3281.015ms, rate sampling interval: 12394ms
  Thread calibration: mean lat.: 3287.672ms, rate sampling interval: 12509ms
  Thread calibration: mean lat.: 3253.891ms, rate sampling interval: 12419ms
  Thread calibration: mean lat.: 3116.261ms, rate sampling interval: 11452ms
  Thread Stats   Avg      Stdev     99%   +/- Stdev
    Latency    13.77s     4.06s   21.14s    58.73%
    Req/Sec     1.20k     8.50     1.22k    50.00%
  Latency Distribution (HdrHistogram - Recorded Latency)
 50.000%   13.77s 
 75.000%   17.19s 
 90.000%   19.38s 
 99.000%   21.14s 
 99.900%   21.94s 
 99.990%   22.56s 
 99.999%   23.13s 
100.000%   23.22s 

  Detailed Percentile spectrum:
       Value   Percentile   TotalCount 1/(1-Percentile)

    5341.183     0.000000            1         1.00
    8163.327     0.100000         9584         1.11
    9584.639     0.200000        19155         1.25
   11042.815     0.300000        28730         1.43
   12369.919     0.400000        38249         1.67
   13770.751     0.500000        47841         2.00
   14458.879     0.550000        52624         2.22
   15147.007     0.600000        57403         2.50
   15810.559     0.650000        62165         2.86
   16474.111     0.700000        66948         3.33
   17186.815     0.750000        71731         4.00
   17547.263     0.775000        74185         4.44
   17907.711     0.800000        76561         5.00
   18284.543     0.825000        78995         5.71
   18644.991     0.850000        81338         6.67
   19005.439     0.875000        83683         8.00
   19202.047     0.887500        84965         8.89
   19382.271     0.900000        86134        10.00
   19562.495     0.912500        87274        11.43
   19759.103     0.925000        88520        13.33
   19939.327     0.937500        89688        16.00
   20037.631     0.943750        90353        17.78
   20135.935     0.950000        90911        20.00
   20250.623     0.956250        91461        22.86
   20381.695     0.962500        92085        26.67
   20512.767     0.968750        92651        32.00
   20578.303     0.971875        92951        35.56
   20643.839     0.975000        93233        40.00
   20742.143     0.978125        93573        45.71
   20824.063     0.981250        93831        53.33
   20938.751     0.984375        94156        64.00
   20987.903     0.985938        94296        71.11
   21037.055     0.987500        94425        80.00
   21102.591     0.989062        94597        91.43
   21168.127     0.990625        94731       106.67
   21266.431     0.992188        94892       128.00
   21315.583     0.992969        94959       142.22
   21348.351     0.993750        95023       160.00
   21413.887     0.994531        95115       182.86
   21463.039     0.995313        95176       213.33
   21528.575     0.996094        95259       256.00
   21561.343     0.996484        95295       284.44
   21594.111     0.996875        95330       320.00
   21626.879     0.997266        95366       365.71
   21676.031     0.997656        95404       426.67
   21741.567     0.998047        95437       512.00
   21774.335     0.998242        95456       568.89
   21807.103     0.998437        95473       640.00
   21856.255     0.998633        95494       731.43
   21889.023     0.998828        95509       853.33
   21938.175     0.999023        95527      1024.00
   21970.943     0.999121        95539      1137.78
   22003.711     0.999219        95547      1280.00
   22052.863     0.999316        95558      1462.86
   22102.015     0.999414        95568      1706.67
   22167.551     0.999512        95575      2048.00
   22200.319     0.999561        95580      2275.56
   22233.087     0.999609        95583      2560.00
   22282.239     0.999658        95589      2925.71
   22315.007     0.999707        95593      3413.33
   22364.159     0.999756        95597      4096.00
   22380.543     0.999780        95600      4551.11
   22429.695     0.999805        95602      5120.00
   22446.079     0.999829        95604      5851.43
   22478.847     0.999854        95607      6826.67
   22560.767     0.999878        95611      8192.00
   22560.767     0.999890        95611      9102.22
   22560.767     0.999902        95611     10240.00
   22593.535     0.999915        95612     11702.86
   22659.071     0.999927        95613     13653.33
   22790.143     0.999939        95615     16384.00
   22790.143     0.999945        95615     18204.44
   22822.911     0.999951        95616     20480.00
   22822.911     0.999957        95616     23405.71
   22970.367     0.999963        95617     27306.67
   23085.055     0.999969        95618     32768.00
   23085.055     0.999973        95618     36408.89
   23085.055     0.999976        95618     40960.00
   23085.055     0.999979        95618     46811.43
   23134.207     0.999982        95619     54613.33
   23134.207     0.999985        95619     65536.00
   23134.207     0.999986        95619     72817.78
   23134.207     0.999988        95619     81920.00
   23134.207     0.999989        95619     93622.86
   23216.127     0.999991        95620    109226.67
   23216.127     1.000000        95620          inf
#[Mean    =    13766.897, StdDeviation   =     4064.565]
#[Max     =    23199.744, Total count    =        95620]
#[Buckets =           27, SubBuckets     =         2048]
----------------------------------------------------------
  143494 requests in 30.00s, 59.56MB read
Requests/sec:   4783.21
Transfer/sec:      1.99MB
