Using argument nginx
using  args: threads=4 and connections=512 and duration=30 and requests=3000
Running 30s test @ http://10.10.1.4:8080/wrk2-api/user-timeline/read
  4 threads and 512 connections
  Thread calibration: mean lat.: 6.503ms, rate sampling interval: 20ms
  Thread calibration: mean lat.: 6.518ms, rate sampling interval: 20ms
  Thread calibration: mean lat.: 6.382ms, rate sampling interval: 20ms
  Thread calibration: mean lat.: 5.685ms, rate sampling interval: 19ms
  Thread Stats   Avg      Stdev     99%   +/- Stdev
    Latency   912.17ms  768.04ms   3.41s    76.27%
    Req/Sec   713.70    228.15     1.17k    75.58%
  Latency Distribution (HdrHistogram - Recorded Latency)
 50.000%  738.82ms
 75.000%    1.28s 
 90.000%    1.95s 
 99.000%    3.41s 
 99.900%    4.93s 
 99.990%    6.28s 
 99.999%    6.76s 
100.000%    6.94s 

  Detailed Percentile spectrum:
       Value   Percentile   TotalCount 1/(1-Percentile)

       1.842     0.000000            1         1.00
     155.391     0.100000         5539         1.11
     268.799     0.200000        11062         1.25
     411.647     0.300000        16588         1.43
     572.415     0.400000        22133         1.67
     738.815     0.500000        27651         2.00
     822.271     0.550000        30424         2.22
     916.991     0.600000        33188         2.50
    1023.487     0.650000        35943         2.86
    1140.735     0.700000        38698         3.33
    1283.071     0.750000        41469         4.00
    1364.991     0.775000        42846         4.44
    1454.079     0.800000        44239         5.00
    1559.551     0.825000        45613         5.71
    1672.191     0.850000        46993         6.67
    1798.143     0.875000        48375         8.00
    1870.847     0.887500        49074         8.89
    1949.695     0.900000        49754        10.00
    2047.999     0.912500        50445        11.43
    2152.447     0.925000        51149        13.33
    2275.327     0.937500        51833        16.00
    2340.863     0.943750        52187        17.78
    2416.639     0.950000        52525        20.00
    2506.751     0.956250        52864        22.86
    2596.863     0.962500        53215        26.67
    2686.975     0.968750        53565        32.00
    2740.223     0.971875        53730        35.56
    2811.903     0.975000        53905        40.00
    2895.871     0.978125        54075        45.71
    2988.031     0.981250        54249        53.33
    3115.007     0.984375        54421        64.00
    3190.783     0.985938        54505        71.11
    3266.559     0.987500        54592        80.00
    3346.431     0.989062        54678        91.43
    3469.311     0.990625        54765       106.67
    3592.191     0.992188        54851       128.00
    3665.919     0.992969        54894       142.22
    3739.647     0.993750        54937       160.00
    3827.711     0.994531        54981       182.86
    3905.535     0.995313        55023       213.33
    3993.599     0.996094        55067       256.00
    4042.751     0.996484        55088       284.44
    4104.191     0.996875        55110       320.00
    4182.015     0.997266        55132       365.71
    4272.127     0.997656        55153       426.67
    4431.871     0.998047        55175       512.00
    4485.119     0.998242        55185       568.89
    4558.847     0.998437        55196       640.00
    4657.151     0.998633        55207       731.43
    4804.607     0.998828        55218       853.33
    4960.255     0.999023        55229      1024.00
    5115.903     0.999121        55235      1137.78
    5165.055     0.999219        55239      1280.00
    5267.455     0.999316        55245      1462.86
    5373.951     0.999414        55250      1706.67
    5431.295     0.999512        55256      2048.00
    5484.543     0.999561        55258      2275.56
    5738.495     0.999609        55261      2560.00
    5963.775     0.999658        55264      2925.71
    6017.023     0.999707        55266      3413.33
    6098.943     0.999756        55269      4096.00
    6115.327     0.999780        55270      4551.11
    6127.615     0.999805        55272      5120.00
    6209.535     0.999829        55273      5851.43
    6262.783     0.999854        55274      6826.67
    6283.263     0.999878        55276      8192.00
    6283.263     0.999890        55276      9102.22
    6303.743     0.999902        55278     10240.00
    6303.743     0.999915        55278     11702.86
    6303.743     0.999927        55278     13653.33
    6430.719     0.999939        55279     16384.00
    6430.719     0.999945        55279     18204.44
    6574.079     0.999951        55280     20480.00
    6574.079     0.999957        55280     23405.71
    6574.079     0.999963        55280     27306.67
    6758.399     0.999969        55281     32768.00
    6758.399     0.999973        55281     36408.89
    6758.399     0.999976        55281     40960.00
    6758.399     0.999979        55281     46811.43
    6758.399     0.999982        55281     54613.33
    6938.623     0.999985        55282     65536.00
    6938.623     1.000000        55282          inf
#[Mean    =      912.172, StdDeviation   =      768.037]
#[Max     =     6934.528, Total count    =        55282]
#[Buckets =           27, SubBuckets     =         2048]
----------------------------------------------------------
  84696 requests in 30.00s, 14.86MB read
  Socket errors: connect 0, read 0, write 0, timeout 1
  Non-2xx or 3xx responses: 1
Requests/sec:   2823.34
Transfer/sec:    507.32KB
