Using argument nginx
using  args: threads=4 and connections=512 and duration=30 and requests=4000
Running 30s test @ http://10.10.1.4:8080
  4 threads and 512 connections
  Thread calibration: mean lat.: 0.672ms, rate sampling interval: 10ms
  Thread calibration: mean lat.: 0.660ms, rate sampling interval: 10ms
  Thread calibration: mean lat.: 0.654ms, rate sampling interval: 10ms
  Thread calibration: mean lat.: 0.652ms, rate sampling interval: 10ms
  Thread Stats   Avg      Stdev     99%   +/- Stdev
    Latency   643.32us  602.60us   2.50ms   89.94%
    Req/Sec     1.06k   333.20     1.90k    65.99%
  Latency Distribution (HdrHistogram - Recorded Latency)
 50.000%  451.00us
 75.000%  612.00us
 90.000%    1.45ms
 99.000%    2.50ms
 99.900%    4.55ms
 99.990%   15.72ms
 99.999%   16.43ms
100.000%   30.19ms

  Detailed Percentile spectrum:
       Value   Percentile   TotalCount 1/(1-Percentile)

       0.250     0.000000            1         1.00
       0.360     0.100000         8130         1.11
       0.381     0.200000        16419         1.25
       0.398     0.300000        24090         1.43
       0.418     0.400000        32007         1.67
       0.451     0.500000        39988         2.00
       0.486     0.550000        43949         2.22
       0.540     0.600000        47919         2.50
       0.568     0.650000        52053         2.86
       0.589     0.700000        55990         3.33
       0.612     0.750000        59913         4.00
       0.627     0.775000        61996         4.44
       0.645     0.800000        63960         5.00
       0.669     0.825000        65956         5.71
       0.702     0.850000        67921         6.67
       0.766     0.875000        69898         8.00
       0.835     0.887500        70884         8.89
       1.454     0.900000        71879        10.00
       1.651     0.912500        72877        11.43
       1.733     0.925000        73876        13.33
       1.816     0.937500        74881        16.00
       1.854     0.943750        75379        17.78
       1.896     0.950000        75875        20.00
       1.949     0.956250        76374        22.86
       2.008     0.962500        76878        26.67
       2.077     0.968750        77374        32.00
       2.113     0.971875        77620        35.56
       2.161     0.975000        77870        40.00
       2.215     0.978125        78125        45.71
       2.269     0.981250        78371        53.33
       2.343     0.984375        78626        64.00
       2.377     0.985938        78746        71.11
       2.419     0.987500        78871        80.00
       2.469     0.989062        78994        91.43
       2.527     0.990625        79117       106.67
       2.613     0.992188        79243       128.00
       2.661     0.992969        79306       142.22
       2.721     0.993750        79366       160.00
       2.785     0.994531        79429       182.86
       2.865     0.995313        79493       213.33
       2.957     0.996094        79554       256.00
       3.005     0.996484        79585       284.44
       3.107     0.996875        79616       320.00
       3.189     0.997266        79647       365.71
       3.315     0.997656        79678       426.67
       3.509     0.998047        79710       512.00
       3.637     0.998242        79725       568.89
       3.827     0.998437        79742       640.00
       3.923     0.998633        79756       731.43
       4.179     0.998828        79773       853.33
       4.687     0.999023        79788      1024.00
       4.923     0.999121        79795      1137.78
       5.563     0.999219        79803      1280.00
       6.335     0.999316        79811      1462.86
       7.291     0.999414        79819      1706.67
      10.999     0.999512        79827      2048.00
      13.183     0.999561        79830      2275.56
      15.263     0.999609        79834      2560.00
      15.335     0.999658        79840      2925.71
      15.375     0.999707        79842      3413.33
      15.447     0.999756        79846      4096.00
      15.535     0.999780        79848      4551.11
      15.583     0.999805        79851      5120.00
      15.599     0.999829        79852      5851.43
      15.647     0.999854        79854      6826.67
      15.711     0.999878        79856      8192.00
      15.719     0.999890        79857      9102.22
      15.727     0.999902        79859     10240.00
      15.727     0.999915        79859     11702.86
      15.831     0.999927        79860     13653.33
      15.855     0.999939        79862     16384.00
      15.855     0.999945        79862     18204.44
      15.855     0.999951        79862     20480.00
      15.855     0.999957        79862     23405.71
      16.231     0.999963        79863     27306.67
      16.231     0.999969        79863     32768.00
      16.231     0.999973        79863     36408.89
      16.431     0.999976        79864     40960.00
      16.431     0.999979        79864     46811.43
      16.431     0.999982        79864     54613.33
      16.431     0.999985        79864     65536.00
      16.431     0.999986        79864     72817.78
      30.191     0.999988        79865     81920.00
      30.191     1.000000        79865          inf
#[Mean    =        0.643, StdDeviation   =        0.603]
#[Max     =       30.176, Total count    =        79865]
#[Buckets =           27, SubBuckets     =         2048]
----------------------------------------------------------
  118037 requests in 30.00s, 22.58MB read
Requests/sec:   3934.29
Transfer/sec:    770.69KB
