Using argument nginx
using  args: threads=4 and connections=512 and duration=60 and requests=7000
Running 1m test @ http://10.10.1.4:8080/wrk2-api/user-timeline/read
  4 threads and 512 connections
  Thread calibration: mean lat.: 2190.235ms, rate sampling interval: 8445ms
  Thread calibration: mean lat.: 2318.040ms, rate sampling interval: 8839ms
  Thread calibration: mean lat.: 2320.145ms, rate sampling interval: 8929ms
  Thread calibration: mean lat.: 2227.648ms, rate sampling interval: 8122ms
  Thread Stats   Avg      Stdev     99%   +/- Stdev
    Latency    18.18s     8.37s   33.95s    58.05%
    Req/Sec   750.71     42.43   832.00     57.14%
  Latency Distribution (HdrHistogram - Recorded Latency)
 50.000%   17.87s 
 75.000%   25.18s 
 90.000%   30.02s 
 99.000%   33.95s 
 99.900%   35.62s 
 99.990%   36.67s 
 99.999%   37.68s 
100.000%   37.72s 

  Detailed Percentile spectrum:
       Value   Percentile   TotalCount 1/(1-Percentile)

    2338.815     0.000000            1         1.00
    7008.255     0.100000        14805         1.11
    9461.759     0.200000        29580         1.25
   12214.271     0.300000        44334         1.43
   14942.207     0.400000        59126         1.67
   17874.943     0.500000        73961         2.00
   19333.119     0.550000        81320         2.22
   20774.911     0.600000        88738         2.50
   22200.319     0.650000        96107         2.86
   23674.879     0.700000       103498         3.33
   25182.207     0.750000       110889         4.00
   25952.255     0.775000       114549         4.44
   26755.071     0.800000       118262         5.00
   27557.887     0.825000       121937         5.71
   28377.087     0.850000       125606         6.67
   29196.287     0.875000       129305         8.00
   29605.887     0.887500       131174         8.89
   30015.487     0.900000       133021        10.00
   30425.087     0.912500       134880        11.43
   30851.071     0.925000       136723        13.33
   31293.439     0.937500       138589        16.00
   31522.815     0.943750       139526        17.78
   31752.191     0.950000       140393        20.00
   32014.335     0.956250       141360        22.86
   32292.863     0.962500       142258        26.67
   32587.775     0.968750       143188        32.00
   32735.231     0.971875       143624        35.56
   32899.071     0.975000       144090        40.00
   33079.295     0.978125       144561        45.71
   33275.903     0.981250       145037        53.33
   33488.895     0.984375       145487        64.00
   33619.967     0.985938       145740        71.11
   33751.039     0.987500       145982        80.00
   33849.343     0.989062       146169        91.43
   34013.183     0.990625       146419       106.67
   34177.023     0.992188       146629       128.00
   34275.327     0.992969       146749       142.22
   34373.631     0.993750       146863       160.00
   34504.703     0.994531       147002       182.86
   34603.007     0.995313       147083       213.33
   34766.847     0.996094       147215       256.00
   34832.383     0.996484       147261       284.44
   34897.919     0.996875       147315       320.00
   34996.223     0.997266       147378       365.71
   35094.527     0.997656       147428       426.67
   35258.367     0.998047       147498       512.00
   35291.135     0.998242       147512       568.89
   35356.671     0.998437       147542       640.00
   35454.975     0.998633       147577       731.43
   35520.511     0.998828       147603       853.33
   35618.815     0.999023       147632      1024.00
   35684.351     0.999121       147648      1137.78
   35749.887     0.999219       147660      1280.00
   35815.423     0.999316       147675      1462.86
   35880.959     0.999414       147687      1706.67
   35979.263     0.999512       147701      2048.00
   36012.031     0.999561       147707      2275.56
   36077.567     0.999609       147715      2560.00
   36143.103     0.999658       147723      2925.71
   36208.639     0.999707       147730      3413.33
   36274.175     0.999756       147739      4096.00
   36274.175     0.999780       147739      4551.11
   36405.247     0.999805       147746      5120.00
   36405.247     0.999829       147746      5851.43
   36503.551     0.999854       147750      6826.67
   36634.623     0.999878       147755      8192.00
   36634.623     0.999890       147755      9102.22
   36700.159     0.999902       147757     10240.00
   36732.927     0.999915       147759     11702.86
   36798.463     0.999927       147761     13653.33
   36831.231     0.999939       147762     16384.00
   36863.999     0.999945       147763     18204.44
   36896.767     0.999951       147765     20480.00
   36896.767     0.999957       147765     23405.71
   36962.303     0.999963       147766     27306.67
   37027.839     0.999969       147767     32768.00
   37027.839     0.999973       147767     36408.89
   37322.751     0.999976       147768     40960.00
   37322.751     0.999979       147768     46811.43
   37552.127     0.999982       147769     54613.33
   37552.127     0.999985       147769     65536.00
   37552.127     0.999986       147769     72817.78
   37683.199     0.999988       147770     81920.00
   37683.199     0.999989       147770     93622.86
   37683.199     0.999991       147770    109226.67
   37683.199     0.999992       147770    131072.00
   37683.199     0.999993       147770    145635.56
   37715.967     0.999994       147771    163840.00
   37715.967     1.000000       147771          inf
#[Mean    =    18179.468, StdDeviation   =     8373.630]
#[Max     =    37683.200, Total count    =       147771]
#[Buckets =           27, SubBuckets     =         2048]
----------------------------------------------------------
  182956 requests in 1.00m, 32.11MB read
  Socket errors: connect 0, read 0, write 0, timeout 231
  Non-2xx or 3xx responses: 4
Requests/sec:   3049.34
Transfer/sec:    547.94KB
