Using argument nginx
using  args: threads=4 and connections=512 and duration=30 and requests=20000
Running 30s test @ http://10.10.1.4:8080
  4 threads and 512 connections
  Thread calibration: mean lat.: 917.580ms, rate sampling interval: 4644ms
  Thread calibration: mean lat.: 975.104ms, rate sampling interval: 4673ms
  Thread calibration: mean lat.: 850.530ms, rate sampling interval: 4337ms
  Thread calibration: mean lat.: 868.435ms, rate sampling interval: 4509ms
  Thread Stats   Avg      Stdev     99%   +/- Stdev
    Latency     4.91s     2.40s   11.32s    67.82%
    Req/Sec     3.57k   118.97     3.74k    50.00%
  Latency Distribution (HdrHistogram - Recorded Latency)
 50.000%    4.62s 
 75.000%    6.49s 
 90.000%    8.17s 
 99.000%   11.32s 
 99.900%   13.39s 
 99.990%   14.88s 
 99.999%   15.27s 
100.000%   15.37s 

  Detailed Percentile spectrum:
       Value   Percentile   TotalCount 1/(1-Percentile)

       0.313     0.000000            1         1.00
    2034.687     0.100000        28366         1.11
    2805.759     0.200000        56806         1.25
    3422.207     0.300000        85096         1.43
    4024.319     0.400000       113549         1.67
    4620.287     0.500000       141922         2.00
    4927.487     0.550000       156059         2.22
    5279.743     0.600000       170294         2.50
    5648.383     0.650000       184414         2.86
    6074.367     0.700000       198589         3.33
    6492.159     0.750000       212828         4.00
    6709.247     0.775000       219893         4.44
    6934.527     0.800000       226926         5.00
    7204.863     0.825000       234050         5.71
    7499.775     0.850000       241135         6.67
    7802.879     0.875000       248266         8.00
    7970.815     0.887500       251756         8.89
    8167.423     0.900000       255327        10.00
    8376.319     0.912500       258863        11.43
    8609.791     0.925000       262438        13.33
    8896.511     0.937500       265982        16.00
    9052.159     0.943750       267723        17.78
    9232.383     0.950000       269477        20.00
    9469.951     0.956250       271262        22.86
    9732.095     0.962500       273061        26.67
    9977.855     0.968750       274830        32.00
   10133.503     0.971875       275694        35.56
   10280.959     0.975000       276588        40.00
   10436.607     0.978125       277457        45.71
   10633.215     0.981250       278350        53.33
   10846.207     0.984375       279230        64.00
   10960.895     0.985938       279674        71.11
   11100.159     0.987500       280121        80.00
   11231.231     0.989062       280549        91.43
   11378.687     0.990625       280990       106.67
   11567.103     0.992188       281439       128.00
   11681.791     0.992969       281659       142.22
   11837.439     0.993750       281883       160.00
   12017.663     0.994531       282102       182.86
   12197.887     0.995313       282323       213.33
   12378.111     0.996094       282543       256.00
   12476.415     0.996484       282652       284.44
   12599.295     0.996875       282767       320.00
   12697.599     0.997266       282877       365.71
   12804.095     0.997656       282991       426.67
   12910.591     0.998047       283097       512.00
   12959.743     0.998242       283158       568.89
   13033.471     0.998437       283209       640.00
   13107.199     0.998633       283262       731.43
   13213.695     0.998828       283317       853.33
   13402.111     0.999023       283374      1024.00
   13541.375     0.999121       283401      1137.78
   13697.023     0.999219       283430      1280.00
   13787.135     0.999316       283456      1462.86
   13918.207     0.999414       283483      1706.67
   14041.087     0.999512       283511      2048.00
   14090.239     0.999561       283527      2275.56
   14155.775     0.999609       283539      2560.00
   14254.079     0.999658       283553      2925.71
   14368.767     0.999707       283567      3413.33
   14565.375     0.999756       283581      4096.00
   14639.103     0.999780       283588      4551.11
   14663.679     0.999805       283595      5120.00
   14688.255     0.999829       283603      5851.43
   14721.023     0.999854       283609      6826.67
   14778.367     0.999878       283615      8192.00
   14827.519     0.999890       283619      9102.22
   14893.055     0.999902       283622     10240.00
   14925.823     0.999915       283627     11702.86
   14991.359     0.999927       283631     13653.33
   15007.743     0.999939       283632     16384.00
   15081.471     0.999945       283634     18204.44
   15147.007     0.999951       283636     20480.00
   15171.583     0.999957       283638     23405.71
   15179.775     0.999963       283640     27306.67
   15187.967     0.999969       283641     32768.00
   15220.735     0.999973       283643     36408.89
   15220.735     0.999976       283643     40960.00
   15220.735     0.999979       283643     46811.43
   15237.119     0.999982       283645     54613.33
   15237.119     0.999985       283645     65536.00
   15269.887     0.999986       283647     72817.78
   15269.887     0.999988       283647     81920.00
   15269.887     0.999989       283647     93622.86
   15269.887     0.999991       283647    109226.67
   15269.887     0.999992       283647    131072.00
   15359.999     0.999993       283648    145635.56
   15359.999     0.999994       283648    163840.00
   15359.999     0.999995       283648    187245.71
   15359.999     0.999995       283648    218453.33
   15359.999     0.999996       283648    262144.00
   15368.191     0.999997       283649    291271.11
   15368.191     1.000000       283649          inf
#[Mean    =     4912.570, StdDeviation   =     2403.888]
#[Max     =    15360.000, Total count    =       283649]
#[Buckets =           27, SubBuckets     =         2048]
----------------------------------------------------------
  434368 requests in 30.00s, 83.10MB read
  Non-2xx or 3xx responses: 77
Requests/sec:  14479.26
Transfer/sec:      2.77MB
