Using argument nginx
using  args: threads=4 and connections=512 and duration=30 and requests=4000
Running 30s test @ http://10.10.1.4:5000
  4 threads and 512 connections
  Thread calibration: mean lat.: 25.974ms, rate sampling interval: 124ms
  Thread calibration: mean lat.: 26.094ms, rate sampling interval: 123ms
  Thread calibration: mean lat.: 26.382ms, rate sampling interval: 124ms
  Thread calibration: mean lat.: 26.287ms, rate sampling interval: 124ms
  Thread Stats   Avg      Stdev     99%   +/- Stdev
    Latency    30.98ms   37.55ms 187.77ms   89.41%
    Req/Sec     1.01k   176.22     1.48k    75.82%
  Latency Distribution (HdrHistogram - Recorded Latency)
 50.000%   19.57ms
 75.000%   39.81ms
 90.000%   70.85ms
 99.000%  187.77ms
 99.900%  316.42ms
 99.990%  444.42ms
 99.999%  470.27ms
100.000%  482.56ms

  Detailed Percentile spectrum:
       Value   Percentile   TotalCount 1/(1-Percentile)

       0.287     0.000000            1         1.00
       1.921     0.100000         7978         1.11
       5.723     0.200000        15964         1.25
      10.055     0.300000        23943         1.43
      14.479     0.400000        31923         1.67
      19.567     0.500000        39921         2.00
      22.559     0.550000        43883         2.22
      25.967     0.600000        47870         2.50
      29.823     0.650000        51860         2.86
      34.303     0.700000        55859         3.33
      39.807     0.750000        59850         4.00
      43.039     0.775000        61839         4.44
      46.719     0.800000        63828         5.00
      51.039     0.825000        65818         5.71
      56.063     0.850000        67816         6.67
      62.463     0.875000        69810         8.00
      66.239     0.887500        70802         8.89
      70.847     0.900000        71805        10.00
      76.159     0.912500        72802        11.43
      82.431     0.925000        73796        13.33
      90.431     0.937500        74791        16.00
      95.167     0.943750        75295        17.78
     100.479     0.950000        75787        20.00
     106.879     0.956250        76287        22.86
     113.727     0.962500        76788        26.67
     122.239     0.968750        77284        32.00
     128.383     0.971875        77532        35.56
     134.143     0.975000        77784        40.00
     141.951     0.978125        78036        45.71
     150.399     0.981250        78281        53.33
     160.767     0.984375        78530        64.00
     167.295     0.985938        78657        71.11
     173.951     0.987500        78779        80.00
     182.655     0.989062        78903        91.43
     191.615     0.990625        79029       106.67
     202.751     0.992188        79152       128.00
     208.895     0.992969        79215       142.22
     215.423     0.993750        79277       160.00
     223.999     0.994531        79339       182.86
     232.831     0.995313        79402       213.33
     242.687     0.996094        79465       256.00
     248.575     0.996484        79495       284.44
     254.719     0.996875        79527       320.00
     263.167     0.997266        79557       365.71
     274.687     0.997656        79589       426.67
     282.879     0.998047        79620       512.00
     288.511     0.998242        79635       568.89
     292.863     0.998437        79651       640.00
     299.007     0.998633        79666       731.43
     305.407     0.998828        79682       853.33
     317.695     0.999023        79698      1024.00
     324.863     0.999121        79705      1137.78
     330.239     0.999219        79714      1280.00
     338.943     0.999316        79721      1462.86
     350.207     0.999414        79729      1706.67
     360.703     0.999512        79737      2048.00
     366.079     0.999561        79740      2275.56
     373.247     0.999609        79744      2560.00
     383.231     0.999658        79748      2925.71
     386.047     0.999707        79752      3413.33
     404.735     0.999756        79756      4096.00
     409.087     0.999780        79758      4551.11
     413.183     0.999805        79760      5120.00
     416.255     0.999829        79762      5851.43
     425.215     0.999854        79764      6826.67
     436.991     0.999878        79766      8192.00
     444.415     0.999890        79767      9102.22
     454.399     0.999902        79768     10240.00
     456.959     0.999915        79769     11702.86
     458.239     0.999927        79770     13653.33
     459.007     0.999939        79771     16384.00
     459.007     0.999945        79771     18204.44
     460.799     0.999951        79772     20480.00
     460.799     0.999957        79772     23405.71
     463.871     0.999963        79773     27306.67
     463.871     0.999969        79773     32768.00
     463.871     0.999973        79773     36408.89
     470.271     0.999976        79774     40960.00
     470.271     0.999979        79774     46811.43
     470.271     0.999982        79774     54613.33
     470.271     0.999985        79774     65536.00
     470.271     0.999986        79774     72817.78
     482.559     0.999988        79775     81920.00
     482.559     1.000000        79775          inf
#[Mean    =       30.976, StdDeviation   =       37.548]
#[Max     =      482.304, Total count    =        79775]
#[Buckets =           27, SubBuckets     =         2048]
----------------------------------------------------------
  119785 requests in 30.00s, 49.58MB read
Requests/sec:   3992.68
Transfer/sec:      1.65MB
