Using argument nginx
using  args: threads=4 and connections=512 and duration=30 and requests=2000
Running 30s test @ http://10.10.1.4:5000
  4 threads and 512 connections
  Thread calibration: mean lat.: 2.630ms, rate sampling interval: 10ms
  Thread calibration: mean lat.: 2.672ms, rate sampling interval: 10ms
  Thread calibration: mean lat.: 2.676ms, rate sampling interval: 10ms
  Thread calibration: mean lat.: 2.722ms, rate sampling interval: 10ms
  Thread Stats   Avg      Stdev     99%   +/- Stdev
    Latency     2.73ms    3.29ms  16.69ms   91.95%
    Req/Sec   526.22    261.75     1.30k    70.48%
  Latency Distribution (HdrHistogram - Recorded Latency)
 50.000%    1.82ms
 75.000%    3.15ms
 90.000%    5.39ms
 99.000%   16.69ms
 99.900%   35.52ms
 99.990%   49.63ms
 99.999%   58.62ms
100.000%   58.62ms

  Detailed Percentile spectrum:
       Value   Percentile   TotalCount 1/(1-Percentile)

       0.276     0.000000            1         1.00
       0.672     0.100000         3980         1.11
       0.830     0.200000         7945         1.25
       1.177     0.300000        11906         1.43
       1.496     0.400000        15876         1.67
       1.815     0.500000        19855         2.00
       2.005     0.550000        21838         2.22
       2.221     0.600000        23818         2.50
       2.481     0.650000        25796         2.86
       2.781     0.700000        27790         3.33
       3.155     0.750000        29765         4.00
       3.391     0.775000        30762         4.44
       3.657     0.800000        31757         5.00
       3.969     0.825000        32741         5.71
       4.335     0.850000        33734         6.67
       4.791     0.875000        34726         8.00
       5.055     0.887500        35222         8.89
       5.391     0.900000        35721        10.00
       5.775     0.912500        36214        11.43
       6.235     0.925000        36712        13.33
       6.811     0.937500        37206        16.00
       7.207     0.943750        37455        17.78
       7.623     0.950000        37706        20.00
       8.171     0.956250        37952        22.86
       8.807     0.962500        38198        26.67
       9.607     0.968750        38446        32.00
      10.151     0.971875        38570        35.56
      10.711     0.975000        38694        40.00
      11.415     0.978125        38818        45.71
      12.215     0.981250        38942        53.33
      13.439     0.984375        39066        64.00
      14.271     0.985938        39129        71.11
      14.895     0.987500        39190        80.00
      16.111     0.989062        39252        91.43
      17.439     0.990625        39314       106.67
      19.007     0.992188        39378       128.00
      19.903     0.992969        39407       142.22
      20.671     0.993750        39439       160.00
      21.615     0.994531        39469       182.86
      23.439     0.995313        39500       213.33
      24.959     0.996094        39531       256.00
      26.223     0.996484        39547       284.44
      27.295     0.996875        39562       320.00
      28.655     0.997266        39578       365.71
      29.695     0.997656        39593       426.67
      31.295     0.998047        39609       512.00
      32.767     0.998242        39617       568.89
      33.599     0.998437        39624       640.00
      33.887     0.998633        39632       731.43
      34.815     0.998828        39640       853.33
      35.551     0.999023        39648      1024.00
      38.015     0.999121        39652      1137.78
      38.399     0.999219        39655      1280.00
      38.783     0.999316        39659      1462.86
      39.359     0.999414        39663      1706.67
      40.095     0.999512        39667      2048.00
      40.415     0.999561        39669      2275.56
      41.279     0.999609        39671      2560.00
      42.559     0.999658        39673      2925.71
      44.447     0.999707        39675      3413.33
      44.767     0.999756        39677      4096.00
      45.695     0.999780        39678      4551.11
      45.887     0.999805        39679      5120.00
      48.511     0.999829        39680      5851.43
      48.959     0.999854        39681      6826.67
      49.631     0.999878        39682      8192.00
      49.631     0.999890        39682      9102.22
      53.119     0.999902        39683     10240.00
      53.119     0.999915        39683     11702.86
      54.015     0.999927        39684     13653.33
      54.015     0.999939        39684     16384.00
      54.015     0.999945        39684     18204.44
      56.799     0.999951        39685     20480.00
      56.799     0.999957        39685     23405.71
      56.799     0.999963        39685     27306.67
      56.799     0.999969        39685     32768.00
      56.799     0.999973        39685     36408.89
      58.623     0.999976        39686     40960.00
      58.623     1.000000        39686          inf
#[Mean    =        2.726, StdDeviation   =        3.288]
#[Max     =       58.592, Total count    =        39686]
#[Buckets =           27, SubBuckets     =         2048]
----------------------------------------------------------
  59187 requests in 30.00s, 24.45MB read
  Socket errors: connect 0, read 0, write 0, timeout 9
Requests/sec:   1972.87
Transfer/sec:    834.69KB
