Using argument nginx
using  args: threads=4 and connections=512 and duration=30 and requests=3000
Running 30s test @ http://10.10.1.5:8080
  4 threads and 512 connections
  Thread calibration: mean lat.: 3.346ms, rate sampling interval: 10ms
  Thread calibration: mean lat.: 3.382ms, rate sampling interval: 10ms
  Thread calibration: mean lat.: 3.372ms, rate sampling interval: 10ms
  Thread calibration: mean lat.: 3.350ms, rate sampling interval: 10ms
  Thread Stats   Avg      Stdev     99%   +/- Stdev
    Latency     3.40ms    1.68ms   7.80ms   66.38%
    Req/Sec   791.15    291.66     1.55k    69.00%
  Latency Distribution (HdrHistogram - Recorded Latency)
 50.000%    3.69ms
 75.000%    4.35ms
 90.000%    5.26ms
 99.000%    7.80ms
 99.900%   10.10ms
 99.990%   12.98ms
 99.999%   14.10ms
100.000%   15.29ms

  Detailed Percentile spectrum:
       Value   Percentile   TotalCount 1/(1-Percentile)

       0.443     0.000000            1         1.00
       0.869     0.100000         6017         1.11
       1.132     0.200000        11931         1.25
       2.629     0.300000        17900         1.43
       3.433     0.400000        23865         1.67
       3.691     0.500000        29846         2.00
       3.805     0.550000        32849         2.22
       3.921     0.600000        35834         2.50
       4.043     0.650000        38777         2.86
       4.183     0.700000        41833         3.33
       4.347     0.750000        44802         4.00
       4.443     0.775000        46271         4.44
       4.555     0.800000        47766         5.00
       4.687     0.825000        49254         5.71
       4.839     0.850000        50739         6.67
       5.031     0.875000        52217         8.00
       5.139     0.887500        52947         8.89
       5.263     0.900000        53692        10.00
       5.423     0.912500        54441        11.43
       5.595     0.925000        55183        13.33
       5.799     0.937500        55925        16.00
       5.911     0.943750        56302        17.78
       6.035     0.950000        56679        20.00
       6.175     0.956250        57044        22.86
       6.343     0.962500        57423        26.67
       6.547     0.968750        57792        32.00
       6.655     0.971875        57980        35.56
       6.779     0.975000        58162        40.00
       6.931     0.978125        58352        45.71
       7.095     0.981250        58539        53.33
       7.291     0.984375        58722        64.00
       7.435     0.985938        58816        71.11
       7.571     0.987500        58909        80.00
       7.711     0.989062        59001        91.43
       7.863     0.990625        59096       106.67
       8.027     0.992188        59187       128.00
       8.143     0.992969        59237       142.22
       8.271     0.993750        59285       160.00
       8.399     0.994531        59327       182.86
       8.551     0.995313        59375       213.33
       8.727     0.996094        59421       256.00
       8.799     0.996484        59446       284.44
       8.887     0.996875        59467       320.00
       9.007     0.997266        59490       365.71
       9.175     0.997656        59514       426.67
       9.415     0.998047        59539       512.00
       9.511     0.998242        59549       568.89
       9.591     0.998437        59560       640.00
       9.719     0.998633        59572       731.43
       9.895     0.998828        59585       853.33
      10.135     0.999023        59595      1024.00
      10.215     0.999121        59602      1137.78
      10.351     0.999219        59607      1280.00
      10.463     0.999316        59613      1462.86
      10.655     0.999414        59619      1706.67
      10.911     0.999512        59624      2048.00
      10.991     0.999561        59628      2275.56
      11.047     0.999609        59630      2560.00
      11.159     0.999658        59633      2925.71
      11.455     0.999707        59636      3413.33
      11.631     0.999756        59639      4096.00
      11.935     0.999780        59640      4551.11
      12.087     0.999805        59642      5120.00
      12.223     0.999829        59643      5851.43
      12.575     0.999854        59645      6826.67
      12.583     0.999878        59646      8192.00
      12.983     0.999890        59647      9102.22
      13.063     0.999902        59648     10240.00
      13.063     0.999915        59648     11702.86
      13.143     0.999927        59649     13653.33
      13.207     0.999939        59650     16384.00
      13.207     0.999945        59650     18204.44
      13.983     0.999951        59651     20480.00
      13.983     0.999957        59651     23405.71
      13.983     0.999963        59651     27306.67
      14.103     0.999969        59652     32768.00
      14.103     0.999973        59652     36408.89
      14.103     0.999976        59652     40960.00
      14.103     0.999979        59652     46811.43
      14.103     0.999982        59652     54613.33
      15.287     0.999985        59653     65536.00
      15.287     1.000000        59653          inf
#[Mean    =        3.401, StdDeviation   =        1.682]
#[Max     =       15.280, Total count    =        59653]
#[Buckets =           27, SubBuckets     =         2048]
----------------------------------------------------------
  89819 requests in 30.00s, 789.57MB read
Requests/sec:   2993.91
Transfer/sec:     26.32MB
