Using argument nginx
using  args: threads=4 and connections=512 and duration=30 and requests=1000
Running 30s test @ http://10.10.1.4:5000
  4 threads and 512 connections
  Thread calibration: mean lat.: 2.145ms, rate sampling interval: 10ms
  Thread calibration: mean lat.: 2.182ms, rate sampling interval: 10ms
  Thread calibration: mean lat.: 2.181ms, rate sampling interval: 10ms
  Thread calibration: mean lat.: 2.182ms, rate sampling interval: 10ms
  Thread Stats   Avg      Stdev     99%   +/- Stdev
    Latency     2.11ms    1.34ms   6.55ms   82.88%
    Req/Sec   263.53    165.91   700.00     75.25%
  Latency Distribution (HdrHistogram - Recorded Latency)
 50.000%    1.55ms
 75.000%    2.80ms
 90.000%    4.01ms
 99.000%    6.55ms
 99.900%    9.49ms
 99.990%   12.34ms
 99.999%   14.03ms
100.000%   14.03ms

  Detailed Percentile spectrum:
       Value   Percentile   TotalCount 1/(1-Percentile)

       0.433     0.000000            1         1.00
       0.923     0.100000         1994         1.11
       1.104     0.200000         3975         1.25
       1.336     0.300000         5964         1.43
       1.444     0.400000         7953         1.67
       1.552     0.500000         9950         2.00
       1.621     0.550000        10936         2.22
       1.724     0.600000        11927         2.50
       1.937     0.650000        12919         2.86
       2.431     0.700000        13920         3.33
       2.799     0.750000        14915         4.00
       2.955     0.775000        15405         4.44
       3.127     0.800000        15904         5.00
       3.307     0.825000        16402         5.71
       3.517     0.850000        16893         6.67
       3.733     0.875000        17394         8.00
       3.861     0.887500        17643         8.89
       4.005     0.900000        17887        10.00
       4.171     0.912500        18138        11.43
       4.343     0.925000        18385        13.33
       4.559     0.937500        18637        16.00
       4.703     0.943750        18761        17.78
       4.843     0.950000        18881        20.00
       4.999     0.956250        19005        22.86
       5.199     0.962500        19130        26.67
       5.403     0.968750        19253        32.00
       5.523     0.971875        19317        35.56
       5.655     0.975000        19379        40.00
       5.795     0.978125        19440        45.71
       5.947     0.981250        19502        53.33
       6.127     0.984375        19564        64.00
       6.223     0.985938        19596        71.11
       6.339     0.987500        19627        80.00
       6.447     0.989062        19657        91.43
       6.619     0.990625        19688       106.67
       6.783     0.992188        19719       128.00
       6.871     0.992969        19735       142.22
       6.939     0.993750        19751       160.00
       7.079     0.994531        19767       182.86
       7.239     0.995313        19781       213.33
       7.499     0.996094        19797       256.00
       7.683     0.996484        19805       284.44
       7.823     0.996875        19812       320.00
       7.967     0.997266        19820       365.71
       8.295     0.997656        19828       426.67
       8.567     0.998047        19836       512.00
       8.671     0.998242        19840       568.89
       8.703     0.998437        19843       640.00
       8.815     0.998633        19847       731.43
       9.263     0.998828        19851       853.33
       9.495     0.999023        19855      1024.00
       9.599     0.999121        19857      1137.78
       9.687     0.999219        19859      1280.00
       9.991     0.999316        19861      1462.86
      10.151     0.999414        19863      1706.67
      10.823     0.999512        19865      2048.00
      10.863     0.999561        19866      2275.56
      11.159     0.999609        19867      2560.00
      11.463     0.999658        19868      2925.71
      11.895     0.999707        19869      3413.33
      12.151     0.999756        19870      4096.00
      12.151     0.999780        19870      4551.11
      12.175     0.999805        19871      5120.00
      12.175     0.999829        19871      5851.43
      12.335     0.999854        19872      6826.67
      12.335     0.999878        19872      8192.00
      12.335     0.999890        19872      9102.22
      13.471     0.999902        19873     10240.00
      13.471     0.999915        19873     11702.86
      13.471     0.999927        19873     13653.33
      13.471     0.999939        19873     16384.00
      13.471     0.999945        19873     18204.44
      14.031     0.999951        19874     20480.00
      14.031     1.000000        19874          inf
#[Mean    =        2.106, StdDeviation   =        1.343]
#[Max     =       14.024, Total count    =        19874]
#[Buckets =           27, SubBuckets     =         2048]
----------------------------------------------------------
  29633 requests in 30.01s, 12.27MB read
  Socket errors: connect 0, read 0, write 0, timeout 148
Requests/sec:    987.48
Transfer/sec:    418.64KB
