Using argument nginx
using  args: threads=4 and connections=512 and duration=30 and requests=2500
Running 30s test @ http://10.10.1.4:5000
  4 threads and 512 connections
  Thread calibration: mean lat.: 1.992ms, rate sampling interval: 10ms
  Thread calibration: mean lat.: 1.985ms, rate sampling interval: 10ms
  Thread calibration: mean lat.: 1.995ms, rate sampling interval: 10ms
  Thread calibration: mean lat.: 1.958ms, rate sampling interval: 10ms
  Thread Stats   Avg      Stdev     99%   +/- Stdev
    Latency     1.97ms    1.29ms   6.36ms   84.06%
    Req/Sec   661.55    266.34     1.33k    72.88%
  Latency Distribution (HdrHistogram - Recorded Latency)
 50.000%    1.46ms
 75.000%    2.58ms
 90.000%    3.79ms
 99.000%    6.36ms
 99.900%    8.30ms
 99.990%   12.57ms
 99.999%   13.53ms
100.000%   13.53ms

  Detailed Percentile spectrum:
       Value   Percentile   TotalCount 1/(1-Percentile)

       0.348     0.000000            1         1.00
       0.803     0.100000         5025         1.11
       0.923     0.200000         9992         1.25
       1.258     0.300000        14995         1.43
       1.365     0.400000        20008         1.67
       1.462     0.500000        24971         2.00
       1.527     0.550000        27458         2.22
       1.630     0.600000        29948         2.50
       1.916     0.650000        32438         2.86
       2.315     0.700000        34941         3.33
       2.581     0.750000        37439         4.00
       2.721     0.775000        38680         4.44
       2.881     0.800000        39937         5.00
       3.063     0.825000        41178         5.71
       3.271     0.850000        42422         6.67
       3.505     0.875000        43673         8.00
       3.639     0.887500        44300         8.89
       3.787     0.900000        44918        10.00
       3.957     0.912500        45539        11.43
       4.143     0.925000        46164        13.33
       4.375     0.937500        46788        16.00
       4.511     0.943750        47107        17.78
       4.663     0.950000        47413        20.00
       4.819     0.956250        47724        22.86
       5.007     0.962500        48033        26.67
       5.227     0.968750        48346        32.00
       5.347     0.971875        48506        35.56
       5.463     0.975000        48658        40.00
       5.619     0.978125        48814        45.71
       5.767     0.981250        48971        53.33
       5.951     0.984375        49125        64.00
       6.051     0.985938        49206        71.11
       6.167     0.987500        49281        80.00
       6.283     0.989062        49360        91.43
       6.415     0.990625        49437       106.67
       6.563     0.992188        49515       128.00
       6.643     0.992969        49555       142.22
       6.747     0.993750        49595       160.00
       6.815     0.994531        49632       182.86
       6.935     0.995313        49673       213.33
       7.055     0.996094        49711       256.00
       7.155     0.996484        49729       284.44
       7.247     0.996875        49750       320.00
       7.343     0.997266        49768       365.71
       7.467     0.997656        49788       426.67
       7.655     0.998047        49808       512.00
       7.767     0.998242        49817       568.89
       7.903     0.998437        49827       640.00
       7.987     0.998633        49837       731.43
       8.123     0.998828        49846       853.33
       8.327     0.999023        49856      1024.00
       8.527     0.999121        49861      1137.78
       8.647     0.999219        49866      1280.00
       8.735     0.999316        49870      1462.86
       8.919     0.999414        49875      1706.67
       9.343     0.999512        49880      2048.00
       9.503     0.999561        49883      2275.56
       9.743     0.999609        49885      2560.00
       9.967     0.999658        49887      2925.71
      10.455     0.999707        49890      3413.33
      10.943     0.999756        49892      4096.00
      10.983     0.999780        49894      4551.11
      11.127     0.999805        49895      5120.00
      11.223     0.999829        49896      5851.43
      11.311     0.999854        49897      6826.67
      11.519     0.999878        49898      8192.00
      12.567     0.999890        49899      9102.22
      12.583     0.999902        49900     10240.00
      12.583     0.999915        49900     11702.86
      12.591     0.999927        49901     13653.33
      12.591     0.999939        49901     16384.00
      12.631     0.999945        49902     18204.44
      12.631     0.999951        49902     20480.00
      12.631     0.999957        49902     23405.71
      12.847     0.999963        49903     27306.67
      12.847     0.999969        49903     32768.00
      12.847     0.999973        49903     36408.89
      12.847     0.999976        49903     40960.00
      12.847     0.999979        49903     46811.43
      13.527     0.999982        49904     54613.33
      13.527     1.000000        49904          inf
#[Mean    =        1.972, StdDeviation   =        1.292]
#[Max     =       13.520, Total count    =        49904]
#[Buckets =           27, SubBuckets     =         2048]
----------------------------------------------------------
  74375 requests in 30.00s, 30.73MB read
  Socket errors: connect 0, read 0, write 0, timeout 2
Requests/sec:   2479.08
Transfer/sec:      1.02MB
