Using argument nginx
using  args: threads=4 and connections=512 and duration=30 and requests=3000
Running 30s test @ http://10.10.1.4:5000
  4 threads and 512 connections
  Thread calibration: mean lat.: 2836.964ms, rate sampling interval: 9977ms
  Thread calibration: mean lat.: 2792.632ms, rate sampling interval: 10149ms
  Thread calibration: mean lat.: 2844.694ms, rate sampling interval: 10149ms
  Thread calibration: mean lat.: 2851.801ms, rate sampling interval: 10067ms
  Thread Stats   Avg      Stdev     99%   +/- Stdev
    Latency    10.69s     3.44s   17.78s    61.44%
    Req/Sec   349.20      9.20   358.00     80.00%
  Latency Distribution (HdrHistogram - Recorded Latency)
 50.000%   10.56s 
 75.000%   13.47s 
 90.000%   15.38s 
 99.000%   17.78s 
 99.900%   19.17s 
 99.990%   20.41s 
 99.999%   20.48s 
100.000%   20.48s 

  Detailed Percentile spectrum:
       Value   Percentile   TotalCount 1/(1-Percentile)

    1986.559     0.000000            1         1.00
    6184.959     0.100000         2745         1.11
    7331.839     0.200000         5490         1.25
    8388.607     0.300000         8238         1.43
    9469.951     0.400000        10985         1.67
   10559.487     0.500000        13722         2.00
   11108.351     0.550000        15093         2.22
   11689.983     0.600000        16459         2.50
   12312.575     0.650000        17832         2.86
   12894.207     0.700000        19220         3.33
   13467.647     0.750000        20582         4.00
   13746.175     0.775000        21271         4.44
   14041.087     0.800000        21954         5.00
   14352.383     0.825000        22638         5.71
   14663.679     0.850000        23315         6.67
   14991.359     0.875000        24002         8.00
   15179.775     0.887500        24360         8.89
   15384.575     0.900000        24688        10.00
   15597.567     0.912500        25033        11.43
   15810.559     0.925000        25372        13.33
   16064.511     0.937500        25724        16.00
   16179.199     0.943750        25887        17.78
   16310.271     0.950000        26061        20.00
   16474.111     0.956250        26230        22.86
   16629.759     0.962500        26403        26.67
   16809.983     0.968750        26587        32.00
   16891.903     0.971875        26665        35.56
   17006.591     0.975000        26750        40.00
   17137.663     0.978125        26833        45.71
   17252.351     0.981250        26919        53.33
   17399.807     0.984375        27004        64.00
   17498.111     0.985938        27045        71.11
   17596.415     0.987500        27087        80.00
   17694.719     0.989062        27130        91.43
   17809.407     0.990625        27175       106.67
   17924.095     0.992188        27216       128.00
   17989.631     0.992969        27242       142.22
   18055.167     0.993750        27258       160.00
   18169.855     0.994531        27282       182.86
   18268.159     0.995313        27302       213.33
   18366.463     0.996094        27325       256.00
   18399.231     0.996484        27334       284.44
   18464.767     0.996875        27346       320.00
   18513.919     0.997266        27355       365.71
   18612.223     0.997656        27366       426.67
   18726.911     0.998047        27376       512.00
   18792.447     0.998242        27383       568.89
   18825.215     0.998437        27387       640.00
   18939.903     0.998633        27393       731.43
   19005.439     0.998828        27397       853.33
   19185.663     0.999023        27403      1024.00
   19283.967     0.999121        27405      1137.78
   19349.503     0.999219        27408      1280.00
   19431.423     0.999316        27411      1462.86
   19529.727     0.999414        27413      1706.67
   19660.799     0.999512        27416      2048.00
   19677.183     0.999561        27417      2275.56
   19890.175     0.999609        27419      2560.00
   19906.559     0.999658        27420      2925.71
   19922.943     0.999707        27421      3413.33
   19972.095     0.999756        27423      4096.00
   19972.095     0.999780        27423      4551.11
   20054.015     0.999805        27424      5120.00
   20398.079     0.999829        27425      5851.43
   20398.079     0.999854        27425      6826.67
   20414.463     0.999878        27427      8192.00
   20414.463     0.999890        27427      9102.22
   20414.463     0.999902        27427     10240.00
   20414.463     0.999915        27427     11702.86
   20414.463     0.999927        27427     13653.33
   20430.847     0.999939        27428     16384.00
   20430.847     0.999945        27428     18204.44
   20430.847     0.999951        27428     20480.00
   20430.847     0.999957        27428     23405.71
   20430.847     0.999963        27428     27306.67
   20479.999     0.999969        27429     32768.00
   20479.999     1.000000        27429          inf
#[Mean    =    10689.802, StdDeviation   =     3439.485]
#[Max     =    20463.616, Total count    =        27429]
#[Buckets =           27, SubBuckets     =         2048]
----------------------------------------------------------
  41300 requests in 30.08s, 17.10MB read
Requests/sec:   1372.80
Transfer/sec:    582.21KB
