Using argument nginx
using  args: threads=4 and connections=512 and duration=30 and requests=1500
Running 30s test @ http://10.10.1.4:5000
  4 threads and 512 connections
  Thread calibration: mean lat.: 1.987ms, rate sampling interval: 10ms
  Thread calibration: mean lat.: 1.999ms, rate sampling interval: 10ms
  Thread calibration: mean lat.: 1.979ms, rate sampling interval: 10ms
  Thread calibration: mean lat.: 1.966ms, rate sampling interval: 10ms
  Thread Stats   Avg      Stdev     99%   +/- Stdev
    Latency     1.96ms    1.28ms   6.31ms   84.32%
    Req/Sec   393.53    206.54     1.00k    75.23%
  Latency Distribution (HdrHistogram - Recorded Latency)
 50.000%    1.45ms
 75.000%    2.60ms
 90.000%    3.74ms
 99.000%    6.31ms
 99.900%    8.80ms
 99.990%   14.85ms
 99.999%   15.56ms
100.000%   15.56ms

  Detailed Percentile spectrum:
       Value   Percentile   TotalCount 1/(1-Percentile)

       0.378     0.000000            2         1.00
       0.830     0.100000         3000         1.11
       0.954     0.200000         5940         1.25
       1.254     0.300000         8901         1.43
       1.362     0.400000        11871         1.67
       1.451     0.500000        14864         2.00
       1.509     0.550000        16333         2.22
       1.599     0.600000        17803         2.50
       1.811     0.650000        19285         2.86
       2.301     0.700000        20775         3.33
       2.595     0.750000        22252         4.00
       2.747     0.775000        22991         4.44
       2.903     0.800000        23742         5.00
       3.071     0.825000        24474         5.71
       3.255     0.850000        25217         6.67
       3.471     0.875000        25956         8.00
       3.599     0.887500        26329         8.89
       3.745     0.900000        26700        10.00
       3.919     0.912500        27073        11.43
       4.103     0.925000        27445        13.33
       4.331     0.937500        27820        16.00
       4.455     0.943750        27996        17.78
       4.599     0.950000        28184        20.00
       4.763     0.956250        28372        22.86
       4.935     0.962500        28553        26.67
       5.147     0.968750        28738        32.00
       5.275     0.971875        28831        35.56
       5.399     0.975000        28924        40.00
       5.531     0.978125        29017        45.71
       5.679     0.981250        29108        53.33
       5.839     0.984375        29201        64.00
       5.927     0.985938        29249        71.11
       6.051     0.987500        29294        80.00
       6.191     0.989062        29341        91.43
       6.355     0.990625        29389       106.67
       6.523     0.992188        29433       128.00
       6.567     0.992969        29456       142.22
       6.667     0.993750        29479       160.00
       6.787     0.994531        29502       182.86
       6.895     0.995313        29525       213.33
       7.071     0.996094        29549       256.00
       7.139     0.996484        29560       284.44
       7.227     0.996875        29572       320.00
       7.319     0.997266        29584       365.71
       7.607     0.997656        29595       426.67
       7.735     0.998047        29607       512.00
       7.807     0.998242        29612       568.89
       7.875     0.998437        29618       640.00
       8.091     0.998633        29624       731.43
       8.559     0.998828        29630       853.33
       9.023     0.999023        29636      1024.00
       9.167     0.999121        29638      1137.78
       9.255     0.999219        29641      1280.00
       9.423     0.999316        29644      1462.86
       9.639     0.999414        29647      1706.67
       9.911     0.999512        29650      2048.00
       9.919     0.999561        29651      2275.56
      11.535     0.999609        29653      2560.00
      11.687     0.999658        29654      2925.71
      12.031     0.999707        29656      3413.33
      12.255     0.999756        29657      4096.00
      12.319     0.999780        29658      4551.11
      14.327     0.999805        29659      5120.00
      14.327     0.999829        29659      5851.43
      14.591     0.999854        29660      6826.67
      14.847     0.999878        29661      8192.00
      14.847     0.999890        29661      9102.22
      15.095     0.999902        29662     10240.00
      15.095     0.999915        29662     11702.86
      15.095     0.999927        29662     13653.33
      15.463     0.999939        29663     16384.00
      15.463     0.999945        29663     18204.44
      15.463     0.999951        29663     20480.00
      15.463     0.999957        29663     23405.71
      15.463     0.999963        29663     27306.67
      15.559     0.999969        29664     32768.00
      15.559     1.000000        29664          inf
#[Mean    =        1.964, StdDeviation   =        1.284]
#[Max     =       15.552, Total count    =        29664]
#[Buckets =           27, SubBuckets     =         2048]
----------------------------------------------------------
  44704 requests in 30.00s, 18.46MB read
  Socket errors: connect 0, read 0, write 0, timeout 22
Requests/sec:   1490.00
Transfer/sec:    630.13KB
