Using argument nginx
using  args: threads=4 and connections=512 and duration=30 and requests=2000
Running 30s test @ http://10.10.1.8:8080
  4 threads and 512 connections
  Thread calibration: mean lat.: 2.623ms, rate sampling interval: 10ms
  Thread calibration: mean lat.: 2.657ms, rate sampling interval: 10ms
  Thread calibration: mean lat.: 2.713ms, rate sampling interval: 10ms
  Thread calibration: mean lat.: 2.690ms, rate sampling interval: 10ms
  Thread Stats   Avg      Stdev     99%   +/- Stdev
    Latency     2.78ms    1.34ms   5.70ms   59.37%
    Req/Sec   526.12    234.86     1.11k    69.27%
  Latency Distribution (HdrHistogram - Recorded Latency)
 50.000%    2.64ms
 75.000%    3.91ms
 90.000%    4.45ms
 99.000%    5.70ms
 99.900%    7.28ms
 99.990%    8.21ms
 99.999%    9.16ms
100.000%    9.16ms

  Detailed Percentile spectrum:
       Value   Percentile   TotalCount 1/(1-Percentile)

       0.419     0.000000            1         1.00
       1.098     0.100000         3974         1.11
       1.381     0.200000         7954         1.25
       1.721     0.300000        11921         1.43
       2.181     0.400000        15889         1.67
       2.645     0.500000        19861         2.00
       3.105     0.550000        21828         2.22
       3.423     0.600000        23826         2.50
       3.611     0.650000        25813         2.86
       3.765     0.700000        27797         3.33
       3.909     0.750000        29768         4.00
       3.987     0.775000        30775         4.44
       4.061     0.800000        31755         5.00
       4.143     0.825000        32792         5.71
       4.231     0.850000        33773         6.67
       4.331     0.875000        34760         8.00
       4.387     0.887500        35233         8.89
       4.447     0.900000        35741        10.00
       4.515     0.912500        36233        11.43
       4.595     0.925000        36711        13.33
       4.687     0.937500        37231        16.00
       4.743     0.943750        37459        17.78
       4.807     0.950000        37706        20.00
       4.879     0.956250        37956        22.86
       4.947     0.962500        38203        26.67
       5.047     0.968750        38459        32.00
       5.103     0.971875        38574        35.56
       5.167     0.975000        38698        40.00
       5.235     0.978125        38819        45.71
       5.327     0.981250        38949        53.33
       5.439     0.984375        39070        64.00
       5.491     0.985938        39130        71.11
       5.547     0.987500        39194        80.00
       5.635     0.989062        39255        91.43
       5.727     0.990625        39316       106.67
       5.823     0.992188        39377       128.00
       5.911     0.992969        39409       142.22
       5.983     0.993750        39439       160.00
       6.079     0.994531        39470       182.86
       6.203     0.995313        39501       213.33
       6.307     0.996094        39532       256.00
       6.391     0.996484        39549       284.44
       6.467     0.996875        39563       320.00
       6.539     0.997266        39579       365.71
       6.643     0.997656        39594       426.67
       6.763     0.998047        39611       512.00
       6.803     0.998242        39618       568.89
       6.887     0.998437        39625       640.00
       7.067     0.998633        39633       731.43
       7.179     0.998828        39641       853.33
       7.295     0.999023        39649      1024.00
       7.359     0.999121        39653      1137.78
       7.387     0.999219        39656      1280.00
       7.499     0.999316        39660      1462.86
       7.591     0.999414        39664      1706.67
       7.687     0.999512        39669      2048.00
       7.711     0.999561        39670      2275.56
       7.735     0.999609        39672      2560.00
       7.827     0.999658        39674      2925.71
       7.875     0.999707        39676      3413.33
       7.971     0.999756        39678      4096.00
       8.095     0.999780        39679      4551.11
       8.111     0.999805        39680      5120.00
       8.171     0.999829        39681      5851.43
       8.183     0.999854        39682      6826.67
       8.207     0.999878        39683      8192.00
       8.207     0.999890        39683      9102.22
       8.487     0.999902        39684     10240.00
       8.487     0.999915        39684     11702.86
       8.679     0.999927        39685     13653.33
       8.679     0.999939        39685     16384.00
       8.679     0.999945        39685     18204.44
       8.743     0.999951        39686     20480.00
       8.743     0.999957        39686     23405.71
       8.743     0.999963        39686     27306.67
       8.743     0.999969        39686     32768.00
       8.743     0.999973        39686     36408.89
       9.159     0.999976        39687     40960.00
       9.159     1.000000        39687          inf
#[Mean    =        2.781, StdDeviation   =        1.339]
#[Max     =        9.152, Total count    =        39687]
#[Buckets =           27, SubBuckets     =         2048]
----------------------------------------------------------
  59188 requests in 30.00s, 357.39MB read
  Socket errors: connect 0, read 0, write 0, timeout 8
  Non-2xx or 3xx responses: 8565
Requests/sec:   1972.91
Transfer/sec:     11.91MB
