Using argument nginx
using  args: threads=4 and connections=512 and duration=30 and requests=3000
Running 30s test @ http://10.10.1.6:8080
  4 threads and 512 connections
  Thread calibration: mean lat.: 1001.359ms, rate sampling interval: 6242ms
  Thread calibration: mean lat.: 1036.181ms, rate sampling interval: 6139ms
  Thread calibration: mean lat.: 1084.880ms, rate sampling interval: 5931ms
  Thread calibration: mean lat.: 886.696ms, rate sampling interval: 5038ms
  Thread Stats   Avg      Stdev     99%   +/- Stdev
    Latency     6.56s     5.85s   24.35s    73.05%
    Req/Sec   368.67     31.85   408.00     66.67%
  Latency Distribution (HdrHistogram - Recorded Latency)
 50.000%    5.16s 
 75.000%    9.49s 
 90.000%   14.36s 
 99.000%   24.35s 
 99.900%   25.84s 
 99.990%   28.39s 
 99.999%   28.56s 
100.000%   28.56s 

  Detailed Percentile spectrum:
       Value   Percentile   TotalCount 1/(1-Percentile)

       0.866     0.000000            1         1.00
     440.575     0.100000         2946         1.11
    1340.415     0.200000         5894         1.25
    2476.031     0.300000         8836         1.43
    3796.991     0.400000        11783         1.67
    5156.863     0.500000        14728         2.00
    5967.871     0.550000        16207         2.22
    6770.687     0.600000        17673         2.50
    7626.751     0.650000        19147         2.86
    8462.335     0.700000        20620         3.33
    9494.527     0.750000        22099         4.00
   10117.119     0.775000        22829         4.44
   10690.559     0.800000        23561         5.00
   11272.191     0.825000        24307         5.71
   12025.855     0.850000        25038         6.67
   13090.815     0.875000        25774         8.00
   13639.679     0.887500        26143         8.89
   14360.575     0.900000        26507        10.00
   15482.879     0.912500        26875        11.43
   17219.583     0.925000        27247        13.33
   18595.839     0.937500        27612        16.00
   19120.127     0.943750        27797        17.78
   19791.871     0.950000        27982        20.00
   20512.767     0.956250        28166        22.86
   21200.895     0.962500        28349        26.67
   21692.415     0.968750        28532        32.00
   21938.175     0.971875        28628        35.56
   22216.703     0.975000        28715        40.00
   22511.615     0.978125        28808        45.71
   22888.447     0.981250        28899        53.33
   23478.271     0.984375        28991        64.00
   23674.879     0.985938        29037        71.11
   24018.943     0.987500        29087        80.00
   24231.935     0.989062        29129        91.43
   24395.775     0.990625        29175       106.67
   24608.767     0.992188        29222       128.00
   24707.071     0.992969        29244       142.22
   24838.143     0.993750        29272       160.00
   24936.447     0.994531        29290       182.86
   25051.135     0.995313        29316       213.33
   25264.127     0.996094        29343       256.00
   25296.895     0.996484        29352       284.44
   25346.047     0.996875        29361       320.00
   25477.119     0.997266        29371       365.71
   25591.807     0.997656        29384       426.67
   25673.727     0.998047        29398       512.00
   25690.111     0.998242        29400       568.89
   25722.879     0.998437        29405       640.00
   25772.031     0.998633        29413       731.43
   25821.183     0.998828        29420       853.33
   25837.567     0.999023        29423      1024.00
   25886.719     0.999121        29426      1137.78
   25903.103     0.999219        29428      1280.00
   25919.487     0.999316        29431      1462.86
   25968.639     0.999414        29436      1706.67
   25985.023     0.999512        29438      2048.00
   26001.407     0.999561        29439      2275.56
   26017.791     0.999609        29441      2560.00
   26017.791     0.999658        29441      2925.71
   26099.711     0.999707        29443      3413.33
   26148.863     0.999756        29444      4096.00
   26165.247     0.999780        29445      4551.11
   26312.703     0.999805        29447      5120.00
   26312.703     0.999829        29447      5851.43
   26312.703     0.999854        29447      6826.67
   28393.471     0.999878        29448      8192.00
   28393.471     0.999890        29448      9102.22
   28426.239     0.999902        29449     10240.00
   28426.239     0.999915        29449     11702.86
   28426.239     0.999927        29449     13653.33
   28475.391     0.999939        29450     16384.00
   28475.391     0.999945        29450     18204.44
   28475.391     0.999951        29450     20480.00
   28475.391     0.999957        29450     23405.71
   28475.391     0.999963        29450     27306.67
   28557.311     0.999969        29451     32768.00
   28557.311     1.000000        29451          inf
#[Mean    =     6561.740, StdDeviation   =     5845.812]
#[Max     =    28540.928, Total count    =        29451]
#[Buckets =           27, SubBuckets     =         2048]
----------------------------------------------------------
  45752 requests in 30.01s, 379.62MB read
  Non-2xx or 3xx responses: 698
Requests/sec:   1524.81
Transfer/sec:     12.65MB
