Using argument nginx
using  args: threads=4 and connections=512 and duration=30 and requests=1500
Running 30s test @ http://10.10.1.4:5000
  4 threads and 512 connections
  Thread calibration: mean lat.: 1.910ms, rate sampling interval: 10ms
  Thread calibration: mean lat.: 1.924ms, rate sampling interval: 10ms
  Thread calibration: mean lat.: 1.931ms, rate sampling interval: 10ms
  Thread calibration: mean lat.: 1.890ms, rate sampling interval: 10ms
  Thread Stats   Avg      Stdev     99%   +/- Stdev
    Latency     1.90ms    1.08ms   5.11ms   72.17%
    Req/Sec   392.61    204.93     0.90k    71.06%
  Latency Distribution (HdrHistogram - Recorded Latency)
 50.000%    1.49ms
 75.000%    2.64ms
 90.000%    3.47ms
 99.000%    5.11ms
 99.900%    6.36ms
 99.990%    7.64ms
 99.999%    8.76ms
100.000%    8.76ms

  Detailed Percentile spectrum:
       Value   Percentile   TotalCount 1/(1-Percentile)

       0.372     0.000000            1         1.00
       0.819     0.100000         2969         1.11
       0.950     0.200000         5938         1.25
       1.281     0.300000         8906         1.43
       1.395     0.400000        11864         1.67
       1.487     0.500000        14825         2.00
       1.544     0.550000        16292         2.22
       1.634     0.600000        17773         2.50
       1.871     0.650000        19256         2.86
       2.361     0.700000        20735         3.33
       2.637     0.750000        22215         4.00
       2.755     0.775000        22963         4.44
       2.869     0.800000        23709         5.00
       2.991     0.825000        24445         5.71
       3.125     0.850000        25183         6.67
       3.279     0.875000        25926         8.00
       3.369     0.887500        26294         8.89
       3.473     0.900000        26663        10.00
       3.589     0.912500        27029        11.43
       3.717     0.925000        27400        13.33
       3.863     0.937500        27768        16.00
       3.957     0.943750        27953        17.78
       4.051     0.950000        28144        20.00
       4.151     0.956250        28327        22.86
       4.267     0.962500        28511        26.67
       4.399     0.968750        28694        32.00
       4.483     0.971875        28787        35.56
       4.555     0.975000        28885        40.00
       4.647     0.978125        28972        45.71
       4.755     0.981250        29066        53.33
       4.859     0.984375        29158        64.00
       4.919     0.985938        29209        71.11
       4.975     0.987500        29251        80.00
       5.039     0.989062        29299        91.43
       5.151     0.990625        29343       106.67
       5.231     0.992188        29390       128.00
       5.307     0.992969        29412       142.22
       5.371     0.993750        29435       160.00
       5.459     0.994531        29458       182.86
       5.555     0.995313        29481       213.33
       5.679     0.996094        29504       256.00
       5.703     0.996484        29515       284.44
       5.751     0.996875        29527       320.00
       5.827     0.997266        29539       365.71
       5.891     0.997656        29550       426.67
       5.995     0.998047        29562       512.00
       6.027     0.998242        29567       568.89
       6.095     0.998437        29574       640.00
       6.147     0.998633        29579       731.43
       6.211     0.998828        29585       853.33
       6.427     0.999023        29591      1024.00
       6.435     0.999121        29593      1137.78
       6.571     0.999219        29596      1280.00
       6.679     0.999316        29599      1462.86
       6.783     0.999414        29604      1706.67
       6.815     0.999512        29605      2048.00
       6.835     0.999561        29606      2275.56
       6.967     0.999609        29608      2560.00
       6.971     0.999658        29609      2925.71
       7.083     0.999707        29611      3413.33
       7.099     0.999756        29612      4096.00
       7.191     0.999780        29613      4551.11
       7.275     0.999805        29614      5120.00
       7.275     0.999829        29614      5851.43
       7.539     0.999854        29615      6826.67
       7.643     0.999878        29616      8192.00
       7.643     0.999890        29616      9102.22
       8.115     0.999902        29617     10240.00
       8.115     0.999915        29617     11702.86
       8.115     0.999927        29617     13653.33
       8.287     0.999939        29618     16384.00
       8.287     0.999945        29618     18204.44
       8.287     0.999951        29618     20480.00
       8.287     0.999957        29618     23405.71
       8.287     0.999963        29618     27306.67
       8.759     0.999969        29619     32768.00
       8.759     1.000000        29619          inf
#[Mean    =        1.900, StdDeviation   =        1.079]
#[Max     =        8.752, Total count    =        29619]
#[Buckets =           27, SubBuckets     =         2048]
----------------------------------------------------------
  44335 requests in 30.01s, 18.24MB read
  Socket errors: connect 0, read 0, write 0, timeout 22
Requests/sec:   1477.58
Transfer/sec:    622.51KB
