Using argument nginx
using  args: threads=4 and connections=512 and duration=30 and requests=5000
Running 30s test @ http://10.10.1.5:8080
  4 threads and 512 connections
  Thread calibration: mean lat.: 1614.058ms, rate sampling interval: 7299ms
  Thread calibration: mean lat.: 1492.416ms, rate sampling interval: 7536ms
  Thread calibration: mean lat.: 1641.448ms, rate sampling interval: 6770ms
  Thread calibration: mean lat.: 1804.301ms, rate sampling interval: 6713ms
  Thread Stats   Avg      Stdev     99%   +/- Stdev
    Latency     9.62s     4.97s   22.41s    66.60%
    Req/Sec   569.88     23.22   605.00     62.50%
  Latency Distribution (HdrHistogram - Recorded Latency)
 50.000%    9.40s 
 75.000%   12.58s 
 90.000%   16.45s 
 99.000%   22.41s 
 99.900%   24.20s 
 99.990%   24.90s 
 99.999%   26.38s 
100.000%   26.38s 

  Detailed Percentile spectrum:
       Value   Percentile   TotalCount 1/(1-Percentile)

       1.827     0.000000            1         1.00
    3291.135     0.100000         4560         1.11
    4956.159     0.200000         9123         1.25
    6627.327     0.300000        13686         1.43
    8208.383     0.400000        18237         1.67
    9396.223     0.500000        22803         2.00
    9912.319     0.550000        25115         2.22
   10510.335     0.600000        27357         2.50
   11165.695     0.650000        29635         2.86
   11812.863     0.700000        31936         3.33
   12582.911     0.750000        34205         4.00
   13025.279     0.775000        35353         4.44
   13467.647     0.800000        36483         5.00
   14000.127     0.825000        37631         5.71
   14614.527     0.850000        38756         6.67
   15515.647     0.875000        39897         8.00
   15933.439     0.887500        40466         8.89
   16449.535     0.900000        41039        10.00
   17022.975     0.912500        41609        11.43
   17661.951     0.925000        42176        13.33
   18399.231     0.937500        42741        16.00
   18726.911     0.943750        43028        17.78
   19103.743     0.950000        43315        20.00
   19496.959     0.956250        43600        22.86
   19939.327     0.962500        43898        26.67
   20430.847     0.968750        44169        32.00
   20660.223     0.971875        44312        35.56
   20889.599     0.975000        44450        40.00
   21151.743     0.978125        44593        45.71
   21495.807     0.981250        44739        53.33
   21872.639     0.984375        44883        64.00
   22003.711     0.985938        44953        71.11
   22134.783     0.987500        45021        80.00
   22298.623     0.989062        45093        91.43
   22462.463     0.990625        45164       106.67
   22659.071     0.992188        45233       128.00
   22790.143     0.992969        45273       142.22
   22904.831     0.993750        45307       160.00
   23003.135     0.994531        45342       182.86
   23166.975     0.995313        45376       213.33
   23347.199     0.996094        45414       256.00
   23445.503     0.996484        45429       284.44
   23609.343     0.996875        45449       320.00
   23773.183     0.997266        45465       365.71
   23953.407     0.997656        45486       426.67
   24035.327     0.998047        45509       512.00
   24035.327     0.998242        45509       568.89
   24068.095     0.998437        45519       640.00
   24100.863     0.998633        45529       731.43
   24150.015     0.998828        45539       853.33
   24199.167     0.999023        45545      1024.00
   24248.319     0.999121        45553      1137.78
   24264.703     0.999219        45555      1280.00
   24281.087     0.999316        45559      1462.86
   24313.855     0.999414        45564      1706.67
   24330.239     0.999512        45569      2048.00
   24330.239     0.999561        45569      2275.56
   24412.159     0.999609        45573      2560.00
   24444.927     0.999658        45575      2925.71
   24494.079     0.999707        45576      3413.33
   24526.847     0.999756        45579      4096.00
   24526.847     0.999780        45579      4551.11
   24575.999     0.999805        45581      5120.00
   24592.383     0.999829        45582      5851.43
   24887.295     0.999854        45583      6826.67
   24903.679     0.999878        45584      8192.00
   24903.679     0.999890        45584      9102.22
   25001.983     0.999902        45585     10240.00
   25034.751     0.999915        45587     11702.86
   25034.751     0.999927        45587     13653.33
   25034.751     0.999939        45587     16384.00
   25034.751     0.999945        45587     18204.44
   25034.751     0.999951        45587     20480.00
   25133.055     0.999957        45588     23405.71
   25133.055     0.999963        45588     27306.67
   25133.055     0.999969        45588     32768.00
   25133.055     0.999973        45588     36408.89
   25133.055     0.999976        45588     40960.00
   26378.239     0.999979        45589     46811.43
   26378.239     1.000000        45589          inf
#[Mean    =     9615.002, StdDeviation   =     4970.631]
#[Max     =    26361.856, Total count    =        45589]
#[Buckets =           27, SubBuckets     =         2048]
----------------------------------------------------------
  68858 requests in 30.00s, 645.78MB read
  Non-2xx or 3xx responses: 929
Requests/sec:   2295.30
Transfer/sec:     21.53MB
