Using argument nginx
using  args: threads=4 and connections=512 and duration=30 and requests=6000
Running 30s test @ http://10.10.1.8:8080
  4 threads and 512 connections
  Thread calibration: mean lat.: 2663.121ms, rate sampling interval: 10665ms
  Thread calibration: mean lat.: 2682.719ms, rate sampling interval: 10846ms
  Thread calibration: mean lat.: 2632.938ms, rate sampling interval: 10715ms
  Thread calibration: mean lat.: 2871.533ms, rate sampling interval: 10354ms
  Thread Stats   Avg      Stdev     99%   +/- Stdev
    Latency    12.09s     3.95s   20.12s    61.11%
    Req/Sec   550.50     13.12   568.00     50.00%
  Latency Distribution (HdrHistogram - Recorded Latency)
 50.000%   11.96s 
 75.000%   15.24s 
 90.000%   17.53s 
 99.000%   20.12s 
 99.900%   21.61s 
 99.990%   22.13s 
 99.999%   22.53s 
100.000%   22.53s 

  Detailed Percentile spectrum:
       Value   Percentile   TotalCount 1/(1-Percentile)

    2758.655     0.000000            1         1.00
    6942.719     0.100000         4301         1.11
    8171.519     0.200000         8601         1.25
    9469.951     0.300000        12905         1.43
   10682.367     0.400000        17214         1.67
   11960.319     0.500000        21490         2.00
   12615.679     0.550000        23648         2.22
   13262.847     0.600000        25791         2.50
   13901.823     0.650000        27935         2.86
   14548.991     0.700000        30089         3.33
   15237.119     0.750000        32244         4.00
   15597.567     0.775000        33327         4.44
   15933.439     0.800000        34381         5.00
   16318.463     0.825000        35449         5.71
   16711.679     0.850000        36538         6.67
   17121.279     0.875000        37648         8.00
   17317.887     0.887500        38153         8.89
   17530.879     0.900000        38703        10.00
   17776.639     0.912500        39229        11.43
   18038.783     0.925000        39761        13.33
   18317.311     0.937500        40314        16.00
   18431.999     0.943750        40558        17.78
   18595.839     0.950000        40828        20.00
   18759.679     0.956250        41111        22.86
   18923.519     0.962500        41357        26.67
   19136.511     0.968750        41634        32.00
   19251.199     0.971875        41774        35.56
   19382.271     0.975000        41906        40.00
   19513.343     0.978125        42038        45.71
   19644.415     0.981250        42170        53.33
   19808.255     0.984375        42301        64.00
   19890.175     0.985938        42363        71.11
   19972.095     0.987500        42438        80.00
   20054.015     0.989062        42503        91.43
   20185.087     0.990625        42565       106.67
   20348.927     0.992188        42631       128.00
   20430.847     0.992969        42664       142.22
   20561.919     0.993750        42699       160.00
   20627.455     0.994531        42733       182.86
   20725.759     0.995313        42768       213.33
   20856.831     0.996094        42800       256.00
   21020.671     0.996484        42815       284.44
   21118.975     0.996875        42833       320.00
   21184.511     0.997266        42852       365.71
   21299.199     0.997656        42866       426.67
   21413.887     0.998047        42884       512.00
   21463.039     0.998242        42894       568.89
   21495.807     0.998437        42901       640.00
   21528.575     0.998633        42909       731.43
   21561.343     0.998828        42916       853.33
   21643.263     0.999023        42925      1024.00
   21708.799     0.999121        42935      1137.78
   21708.799     0.999219        42935      1280.00
   21741.567     0.999316        42939      1462.86
   21757.951     0.999414        42941      1706.67
   21856.255     0.999512        42946      2048.00
   21921.791     0.999561        42948      2275.56
   21954.559     0.999609        42951      2560.00
   21987.327     0.999658        42952      2925.71
   22003.711     0.999707        42954      3413.33
   22036.479     0.999756        42957      4096.00
   22036.479     0.999780        42957      4551.11
   22052.863     0.999805        42958      5120.00
   22085.631     0.999829        42959      5851.43
   22102.015     0.999854        42960      6826.67
   22118.399     0.999878        42961      8192.00
   22134.783     0.999890        42962      9102.22
   22134.783     0.999902        42962     10240.00
   22151.167     0.999915        42963     11702.86
   22151.167     0.999927        42963     13653.33
   22167.551     0.999939        42964     16384.00
   22167.551     0.999945        42964     18204.44
   22167.551     0.999951        42964     20480.00
   22200.319     0.999957        42965     23405.71
   22200.319     0.999963        42965     27306.67
   22200.319     0.999969        42965     32768.00
   22200.319     0.999973        42965     36408.89
   22200.319     0.999976        42965     40960.00
   22527.999     0.999979        42966     46811.43
   22527.999     1.000000        42966          inf
#[Mean    =    12093.302, StdDeviation   =     3952.620]
#[Max     =    22511.616, Total count    =        42966]
#[Buckets =           27, SubBuckets     =         2048]
----------------------------------------------------------
  65400 requests in 30.04s, 453.53MB read
  Non-2xx or 3xx responses: 15113
Requests/sec:   2177.15
Transfer/sec:     15.10MB
