Using argument nginx
using  args: threads=4 and connections=512 and duration=30 and requests=2000
Running 30s test @ http://10.10.1.4:5000
  4 threads and 512 connections
  Thread calibration: mean lat.: 1.951ms, rate sampling interval: 10ms
  Thread calibration: mean lat.: 1.974ms, rate sampling interval: 10ms
  Thread calibration: mean lat.: 1.926ms, rate sampling interval: 10ms
  Thread calibration: mean lat.: 1.974ms, rate sampling interval: 10ms
  Thread Stats   Avg      Stdev     99%   +/- Stdev
    Latency     1.95ms    1.28ms   6.20ms   84.22%
    Req/Sec   526.25    239.52     1.20k    69.15%
  Latency Distribution (HdrHistogram - Recorded Latency)
 50.000%    1.43ms
 75.000%    2.56ms
 90.000%    3.74ms
 99.000%    6.20ms
 99.900%    8.25ms
 99.990%   15.94ms
 99.999%   18.72ms
100.000%   18.72ms

  Detailed Percentile spectrum:
       Value   Percentile   TotalCount 1/(1-Percentile)

       0.361     0.000000            1         1.00
       0.807     0.100000         4019         1.11
       0.927     0.200000         7956         1.25
       1.244     0.300000        11910         1.43
       1.347     0.400000        15893         1.67
       1.434     0.500000        19866         2.00
       1.492     0.550000        21839         2.22
       1.580     0.600000        23814         2.50
       1.828     0.650000        25797         2.86
       2.279     0.700000        27791         3.33
       2.557     0.750000        29775         4.00
       2.705     0.775000        30762         4.44
       2.867     0.800000        31749         5.00
       3.039     0.825000        32741         5.71
       3.239     0.850000        33737         6.67
       3.467     0.875000        34727         8.00
       3.601     0.887500        35225         8.89
       3.741     0.900000        35720        10.00
       3.919     0.912500        36214        11.43
       4.103     0.925000        36714        13.33
       4.323     0.937500        37213        16.00
       4.447     0.943750        37456        17.78
       4.591     0.950000        37705        20.00
       4.743     0.956250        37950        22.86
       4.911     0.962500        38199        26.67
       5.099     0.968750        38447        32.00
       5.223     0.971875        38573        35.56
       5.351     0.975000        38700        40.00
       5.491     0.978125        38827        45.71
       5.635     0.981250        38944        53.33
       5.811     0.984375        39070        64.00
       5.919     0.985938        39130        71.11
       6.015     0.987500        39193        80.00
       6.135     0.989062        39252        91.43
       6.259     0.990625        39315       106.67
       6.407     0.992188        39376       128.00
       6.491     0.992969        39408       142.22
       6.583     0.993750        39442       160.00
       6.659     0.994531        39469       182.86
       6.819     0.995313        39502       213.33
       6.947     0.996094        39531       256.00
       6.995     0.996484        39547       284.44
       7.067     0.996875        39562       320.00
       7.219     0.997266        39578       365.71
       7.343     0.997656        39593       426.67
       7.555     0.998047        39609       512.00
       7.627     0.998242        39618       568.89
       7.683     0.998437        39624       640.00
       7.931     0.998633        39632       731.43
       8.067     0.998828        39640       853.33
       8.511     0.999023        39648      1024.00
       8.671     0.999121        39652      1137.78
       8.847     0.999219        39655      1280.00
       9.071     0.999316        39659      1462.86
       9.223     0.999414        39663      1706.67
       9.503     0.999512        39667      2048.00
      10.927     0.999561        39669      2275.56
      11.143     0.999609        39671      2560.00
      11.271     0.999658        39673      2925.71
      11.575     0.999707        39675      3413.33
      12.495     0.999756        39677      4096.00
      13.639     0.999780        39678      4551.11
      13.791     0.999805        39679      5120.00
      14.111     0.999829        39680      5851.43
      14.839     0.999854        39681      6826.67
      15.935     0.999878        39682      8192.00
      15.935     0.999890        39682      9102.22
      16.055     0.999902        39683     10240.00
      16.055     0.999915        39683     11702.86
      17.215     0.999927        39684     13653.33
      17.215     0.999939        39684     16384.00
      17.215     0.999945        39684     18204.44
      17.839     0.999951        39685     20480.00
      17.839     0.999957        39685     23405.71
      17.839     0.999963        39685     27306.67
      17.839     0.999969        39685     32768.00
      17.839     0.999973        39685     36408.89
      18.719     0.999976        39686     40960.00
      18.719     1.000000        39686          inf
#[Mean    =        1.946, StdDeviation   =        1.281]
#[Max     =       18.704, Total count    =        39686]
#[Buckets =           27, SubBuckets     =         2048]
----------------------------------------------------------
  59184 requests in 30.00s, 24.53MB read
  Socket errors: connect 0, read 0, write 0, timeout 9
Requests/sec:   1972.74
Transfer/sec:    837.12KB
