Using argument nginx
using  args: threads=4 and connections=512 and duration=30 and requests=1500
Running 30s test @ http://10.10.1.6:8080
  4 threads and 512 connections
  Thread calibration: mean lat.: 2.282ms, rate sampling interval: 10ms
  Thread calibration: mean lat.: 2.271ms, rate sampling interval: 10ms
  Thread calibration: mean lat.: 2.265ms, rate sampling interval: 10ms
  Thread calibration: mean lat.: 2.233ms, rate sampling interval: 10ms
  Thread Stats   Avg      Stdev     99%   +/- Stdev
    Latency     2.60ms    1.33ms   5.48ms   59.93%
    Req/Sec   393.22    205.28     1.00k    70.22%
  Latency Distribution (HdrHistogram - Recorded Latency)
 50.000%    3.08ms
 75.000%    3.56ms
 90.000%    4.05ms
 99.000%    5.48ms
 99.900%    6.88ms
 99.990%    8.36ms
 99.999%    8.77ms
100.000%    8.77ms

  Detailed Percentile spectrum:
       Value   Percentile   TotalCount 1/(1-Percentile)

       0.353     0.000000            1         1.00
       0.883     0.100000         2968         1.11
       1.100     0.200000         5937         1.25
       1.327     0.300000         8899         1.43
       2.589     0.400000        11864         1.67
       3.075     0.500000        14837         2.00
       3.183     0.550000        16327         2.22
       3.281     0.600000        17809         2.50
       3.377     0.650000        19289         2.86
       3.467     0.700000        20764         3.33
       3.561     0.750000        22243         4.00
       3.619     0.775000        22988         4.44
       3.681     0.800000        23728         5.00
       3.753     0.825000        24484         5.71
       3.831     0.850000        25212         6.67
       3.927     0.875000        25952         8.00
       3.983     0.887500        26320         8.89
       4.053     0.900000        26703        10.00
       4.131     0.912500        27081        11.43
       4.219     0.925000        27435        13.33
       4.327     0.937500        27804        16.00
       4.387     0.943750        28003        17.78
       4.459     0.950000        28182        20.00
       4.539     0.956250        28360        22.86
       4.623     0.962500        28549        26.67
       4.747     0.968750        28731        32.00
       4.819     0.971875        28822        35.56
       4.903     0.975000        28918        40.00
       4.979     0.978125        29008        45.71
       5.075     0.981250        29102        53.33
       5.211     0.984375        29194        64.00
       5.263     0.985938        29239        71.11
       5.351     0.987500        29286        80.00
       5.431     0.989062        29335        91.43
       5.531     0.990625        29378       106.67
       5.623     0.992188        29425       128.00
       5.687     0.992969        29448       142.22
       5.771     0.993750        29471       160.00
       5.827     0.994531        29494       182.86
       5.915     0.995313        29518       213.33
       6.043     0.996094        29541       256.00
       6.091     0.996484        29553       284.44
       6.147     0.996875        29564       320.00
       6.231     0.997266        29575       365.71
       6.351     0.997656        29587       426.67
       6.471     0.998047        29600       512.00
       6.527     0.998242        29604       568.89
       6.627     0.998437        29610       640.00
       6.647     0.998633        29616       731.43
       6.775     0.998828        29622       853.33
       6.891     0.999023        29628      1024.00
       7.043     0.999121        29630      1137.78
       7.151     0.999219        29633      1280.00
       7.211     0.999316        29636      1462.86
       7.347     0.999414        29639      1706.67
       7.447     0.999512        29642      2048.00
       7.471     0.999561        29643      2275.56
       7.511     0.999609        29645      2560.00
       7.731     0.999658        29646      2925.71
       7.811     0.999707        29648      3413.33
       7.847     0.999756        29649      4096.00
       7.907     0.999780        29650      4551.11
       8.027     0.999805        29651      5120.00
       8.027     0.999829        29651      5851.43
       8.111     0.999854        29652      6826.67
       8.359     0.999878        29653      8192.00
       8.359     0.999890        29653      9102.22
       8.367     0.999902        29654     10240.00
       8.367     0.999915        29654     11702.86
       8.367     0.999927        29654     13653.33
       8.383     0.999939        29655     16384.00
       8.383     0.999945        29655     18204.44
       8.383     0.999951        29655     20480.00
       8.383     0.999957        29655     23405.71
       8.383     0.999963        29655     27306.67
       8.775     0.999969        29656     32768.00
       8.775     1.000000        29656          inf
#[Mean    =        2.602, StdDeviation   =        1.333]
#[Max     =        8.768, Total count    =        29656]
#[Buckets =           27, SubBuckets     =         2048]
----------------------------------------------------------
  43994 requests in 30.01s, 286.98MB read
  Socket errors: connect 0, read 0, write 0, timeout 33
Requests/sec:   1466.19
Transfer/sec:      9.56MB
