Using argument nginx
using  args: threads=4 and connections=512 and duration=30 and requests=3000
Running 30s test @ http://10.10.1.8:8080
  4 threads and 512 connections
  Thread calibration: mean lat.: 2.888ms, rate sampling interval: 10ms
  Thread calibration: mean lat.: 2.875ms, rate sampling interval: 10ms
  Thread calibration: mean lat.: 2.911ms, rate sampling interval: 10ms
  Thread calibration: mean lat.: 2.953ms, rate sampling interval: 10ms
  Thread Stats   Avg      Stdev     99%   +/- Stdev
    Latency     2.96ms    1.49ms   6.36ms   65.70%
    Req/Sec   791.21    291.31     1.55k    69.08%
  Latency Distribution (HdrHistogram - Recorded Latency)
 50.000%    2.99ms
 75.000%    4.04ms
 90.000%    4.62ms
 99.000%    6.36ms
 99.900%   12.10ms
 99.990%   29.73ms
 99.999%   31.20ms
100.000%   32.38ms

  Detailed Percentile spectrum:
       Value   Percentile   TotalCount 1/(1-Percentile)

       0.389     0.000000            1         1.00
       1.230     0.100000         5981         1.11
       1.427     0.200000        11945         1.25
       1.904     0.300000        17926         1.43
       2.295     0.400000        23900         1.67
       2.995     0.500000        29860         2.00
       3.391     0.550000        32853         2.22
       3.591     0.600000        35830         2.50
       3.751     0.650000        38815         2.86
       3.897     0.700000        41811         3.33
       4.039     0.750000        44791         4.00
       4.119     0.775000        46331         4.44
       4.195     0.800000        47763         5.00
       4.283     0.825000        49287         5.71
       4.375     0.850000        50783         6.67
       4.487     0.875000        52287         8.00
       4.551     0.887500        52996         8.89
       4.619     0.900000        53761        10.00
       4.699     0.912500        54506        11.43
       4.787     0.925000        55233        13.33
       4.899     0.937500        55980        16.00
       4.971     0.943750        56365        17.78
       5.047     0.950000        56730        20.00
       5.139     0.956250        57101        22.86
       5.247     0.962500        57482        26.67
       5.379     0.968750        57842        32.00
       5.459     0.971875        58031        35.56
       5.547     0.975000        58214        40.00
       5.663     0.978125        58399        45.71
       5.791     0.981250        58587        53.33
       5.955     0.984375        58774        64.00
       6.043     0.985938        58865        71.11
       6.147     0.987500        58962        80.00
       6.271     0.989062        59050        91.43
       6.423     0.990625        59144       106.67
       6.623     0.992188        59237       128.00
       6.707     0.992969        59284       142.22
       6.839     0.993750        59330       160.00
       6.955     0.994531        59377       182.86
       7.115     0.995313        59425       213.33
       7.343     0.996094        59470       256.00
       7.463     0.996484        59494       284.44
       7.587     0.996875        59517       320.00
       7.735     0.997266        59540       365.71
       7.967     0.997656        59564       426.67
       8.375     0.998047        59587       512.00
       8.775     0.998242        59599       568.89
       9.143     0.998437        59610       640.00
      10.127     0.998633        59622       731.43
      11.231     0.998828        59634       853.33
      12.375     0.999023        59645      1024.00
      13.143     0.999121        59651      1137.78
      13.463     0.999219        59657      1280.00
      13.855     0.999316        59664      1462.86
      14.527     0.999414        59669      1706.67
      15.063     0.999512        59674      2048.00
      15.839     0.999561        59677      2275.56
      16.367     0.999609        59680      2560.00
      17.423     0.999658        59683      2925.71
      19.775     0.999707        59686      3413.33
      20.639     0.999756        59689      4096.00
      22.095     0.999780        59690      4551.11
      24.303     0.999805        59692      5120.00
      24.991     0.999829        59693      5851.43
      28.543     0.999854        59695      6826.67
      29.055     0.999878        59696      8192.00
      29.727     0.999890        59697      9102.22
      30.223     0.999902        59698     10240.00
      30.223     0.999915        59698     11702.86
      30.383     0.999927        59699     13653.33
      30.799     0.999939        59700     16384.00
      30.799     0.999945        59700     18204.44
      30.831     0.999951        59701     20480.00
      30.831     0.999957        59701     23405.71
      30.831     0.999963        59701     27306.67
      31.199     0.999969        59702     32768.00
      31.199     0.999973        59702     36408.89
      31.199     0.999976        59702     40960.00
      31.199     0.999979        59702     46811.43
      31.199     0.999982        59702     54613.33
      32.383     0.999985        59703     65536.00
      32.383     1.000000        59703          inf
#[Mean    =        2.956, StdDeviation   =        1.492]
#[Max     =       32.368, Total count    =        59703]
#[Buckets =           27, SubBuckets     =         2048]
----------------------------------------------------------
  89122 requests in 30.00s, 588.74MB read
  Socket errors: connect 0, read 0, write 0, timeout 1
  Non-2xx or 3xx responses: 14006
Requests/sec:   2970.72
Transfer/sec:     19.62MB
