Using argument nginx
using  args: threads=4 and connections=512 and duration=30 and requests=2000
Running 30s test @ http://10.10.1.6:8080
  4 threads and 512 connections
  Thread calibration: mean lat.: 2.850ms, rate sampling interval: 10ms
  Thread calibration: mean lat.: 2.879ms, rate sampling interval: 10ms
  Thread calibration: mean lat.: 2.791ms, rate sampling interval: 10ms
  Thread calibration: mean lat.: 2.805ms, rate sampling interval: 10ms
  Thread Stats   Avg      Stdev     99%   +/- Stdev
    Latency   476.85ms    1.28s    7.57s    92.35%
    Req/Sec   446.58    615.09     2.89k    89.07%
  Latency Distribution (HdrHistogram - Recorded Latency)
 50.000%    8.97ms
 75.000%  227.33ms
 90.000%    1.38s 
 99.000%    7.57s 
 99.900%    9.07s 
 99.990%    9.85s 
 99.999%   10.04s 
100.000%   10.04s 

  Detailed Percentile spectrum:
       Value   Percentile   TotalCount 1/(1-Percentile)

       0.366     0.000000            1         1.00
       1.181     0.100000         3357         1.11
       2.951     0.200000         6719         1.25
       3.401     0.300000        10073         1.43
       3.879     0.400000        13436         1.67
       8.967     0.500000        16786         2.00
      34.207     0.550000        18464         2.22
      59.039     0.600000        20143         2.50
      83.775     0.650000        21825         2.86
     129.535     0.700000        23501         3.33
     227.327     0.750000        25178         4.00
     319.231     0.775000        26022         4.44
     434.175     0.800000        26856         5.00
     600.063     0.825000        27699         5.71
     830.463     0.850000        28536         6.67
    1108.991     0.875000        29374         8.00
    1254.399     0.887500        29794         8.89
    1380.351     0.900000        30213        10.00
    1559.551     0.912500        30633        11.43
    1774.591     0.925000        31053        13.33
    2046.975     0.937500        31474        16.00
    2160.639     0.943750        31682        17.78
    2336.767     0.950000        31893        20.00
    2684.927     0.956250        32103        22.86
    3155.967     0.962500        32312        26.67
    3880.959     0.968750        32521        32.00
    4423.679     0.971875        32626        35.56
    5124.095     0.975000        32731        40.00
    5775.359     0.978125        32836        45.71
    6402.047     0.981250        32941        53.33
    6873.087     0.984375        33047        64.00
    7077.887     0.985938        33098        71.11
    7303.167     0.987500        33151        80.00
    7483.391     0.989062        33203        91.43
    7622.655     0.990625        33256       106.67
    7733.247     0.992188        33308       128.00
    7766.015     0.992969        33337       142.22
    7811.071     0.993750        33361       160.00
    7852.031     0.994531        33388       182.86
    7897.087     0.995313        33414       213.33
    7987.199     0.996094        33439       256.00
    8110.079     0.996484        33452       284.44
    8216.575     0.996875        33466       320.00
    8310.783     0.997266        33479       365.71
    8527.871     0.997656        33492       426.67
    8716.287     0.998047        33507       512.00
    8781.823     0.998242        33511       568.89
    8830.975     0.998437        33518       640.00
    8937.471     0.998633        33525       731.43
    9011.199     0.998828        33531       853.33
    9068.543     0.999023        33538      1024.00
    9109.503     0.999121        33541      1137.78
    9142.271     0.999219        33545      1280.00
    9166.847     0.999316        33548      1462.86
    9256.959     0.999414        33551      1706.67
    9355.263     0.999512        33554      2048.00
    9363.455     0.999561        33556      2275.56
    9412.607     0.999609        33557      2560.00
    9437.183     0.999658        33559      2925.71
    9510.911     0.999707        33561      3413.33
    9543.679     0.999756        33562      4096.00
    9560.063     0.999780        33563      4551.11
    9584.639     0.999805        33564      5120.00
    9592.831     0.999829        33565      5851.43
    9601.023     0.999854        33566      6826.67
    9601.023     0.999878        33566      8192.00
    9846.783     0.999890        33567      9102.22
    9846.783     0.999902        33567     10240.00
    9887.743     0.999915        33568     11702.86
    9887.743     0.999927        33568     13653.33
    9887.743     0.999939        33568     16384.00
    9986.047     0.999945        33569     18204.44
    9986.047     0.999951        33569     20480.00
    9986.047     0.999957        33569     23405.71
    9986.047     0.999963        33569     27306.67
    9986.047     0.999969        33569     32768.00
   10043.391     0.999973        33570     36408.89
   10043.391     1.000000        33570          inf
#[Mean    =      476.850, StdDeviation   =     1277.137]
#[Max     =    10035.200, Total count    =        33570]
#[Buckets =           27, SubBuckets     =         2048]
----------------------------------------------------------
  52629 requests in 30.01s, 419.87MB read
  Socket errors: connect 0, read 0, write 0, timeout 8
  Non-2xx or 3xx responses: 219
Requests/sec:   1753.47
Transfer/sec:     13.99MB
