No argument supplied nginx
using  args: threads=4 and connections=512 and duration=30 and requests=2000
Running 30s test @ http://localhost:8080
  4 threads and 512 connections
  Thread calibration: mean lat.: 4.186ms, rate sampling interval: 11ms
  Thread calibration: mean lat.: 4.140ms, rate sampling interval: 11ms
  Thread calibration: mean lat.: 4.152ms, rate sampling interval: 11ms
  Thread calibration: mean lat.: 4.141ms, rate sampling interval: 11ms
  Thread Stats   Avg      Stdev     99%   +/- Stdev
    Latency     4.33ms    2.88ms   8.75ms   96.31%
    Req/Sec   524.37    226.68     1.10k    70.42%
  Latency Distribution (HdrHistogram - Recorded Latency)
 50.000%    4.58ms
 75.000%    5.22ms
 90.000%    5.95ms
 99.000%    8.75ms
 99.900%   48.45ms
 99.990%   70.59ms
 99.999%   97.09ms
100.000%   97.09ms

  Detailed Percentile spectrum:
       Value   Percentile   TotalCount 1/(1-Percentile)

       1.148     0.000000            1         1.00
       1.830     0.100000         3984         1.11
       2.123     0.200000         7960         1.25
       3.463     0.300000        11922         1.43
       4.239     0.400000        15903         1.67
       4.583     0.500000        19902         2.00
       4.707     0.550000        21869         2.22
       4.827     0.600000        23902         2.50
       4.947     0.650000        25865         2.86
       5.075     0.700000        27856         3.33
       5.219     0.750000        29841         4.00
       5.295     0.775000        30819         4.44
       5.379     0.800000        31790         5.00
       5.479     0.825000        32788         5.71
       5.603     0.850000        33786         6.67
       5.755     0.875000        34767         8.00
       5.839     0.887500        35267         8.89
       5.947     0.900000        35773        10.00
       6.067     0.912500        36264        11.43
       6.199     0.925000        36758        13.33
       6.379     0.937500        37261        16.00
       6.475     0.943750        37499        17.78
       6.599     0.950000        37750        20.00
       6.759     0.956250        38003        22.86
       6.931     0.962500        38244        26.67
       7.127     0.968750        38496        32.00
       7.255     0.971875        38616        35.56
       7.399     0.975000        38745        40.00
       7.563     0.978125        38864        45.71
       7.743     0.981250        38990        53.33
       8.023     0.984375        39113        64.00
       8.223     0.985938        39176        71.11
       8.391     0.987500        39239        80.00
       8.607     0.989062        39300        91.43
       8.863     0.990625        39361       106.67
       9.327     0.992188        39423       128.00
       9.599     0.992969        39455       142.22
      10.047     0.993750        39485       160.00
      10.879     0.994531        39516       182.86
      12.951     0.995313        39547       213.33
      17.023     0.996094        39578       256.00
      19.471     0.996484        39594       284.44
      21.599     0.996875        39609       320.00
      27.695     0.997266        39625       365.71
      32.207     0.997656        39640       426.67
      37.151     0.998047        39656       512.00
      40.927     0.998242        39664       568.89
      42.943     0.998437        39671       640.00
      44.383     0.998633        39679       731.43
      47.071     0.998828        39687       853.33
      49.663     0.999023        39695      1024.00
      50.527     0.999121        39699      1137.78
      52.223     0.999219        39702      1280.00
      54.079     0.999316        39706      1462.86
      54.975     0.999414        39710      1706.67
      56.863     0.999512        39714      2048.00
      57.567     0.999561        39716      2275.56
      58.175     0.999609        39718      2560.00
      59.199     0.999658        39720      2925.71
      62.623     0.999707        39722      3413.33
      64.479     0.999756        39724      4096.00
      67.199     0.999780        39725      4551.11
      67.263     0.999805        39726      5120.00
      68.863     0.999829        39727      5851.43
      69.631     0.999854        39728      6826.67
      70.591     0.999878        39729      8192.00
      70.591     0.999890        39729      9102.22
      72.703     0.999902        39730     10240.00
      72.703     0.999915        39730     11702.86
      73.535     0.999927        39731     13653.33
      73.535     0.999939        39731     16384.00
      73.535     0.999945        39731     18204.44
      83.263     0.999951        39732     20480.00
      83.263     0.999957        39732     23405.71
      83.263     0.999963        39732     27306.67
      83.263     0.999969        39732     32768.00
      83.263     0.999973        39732     36408.89
      97.087     0.999976        39733     40960.00
      97.087     1.000000        39733          inf
#[Mean    =        4.330, StdDeviation   =        2.875]
#[Max     =       97.024, Total count    =        39733]
#[Buckets =           27, SubBuckets     =         2048]
----------------------------------------------------------
  59644 requests in 30.00s, 486.70MB read
  Socket errors: connect 0, read 0, write 0, timeout 6
Requests/sec:   1987.99
Transfer/sec:     16.22MB
