No argument supplied nginx
using  args: threads=4 and connections=512 and duration=30 and requests=1500
Running 30s test @ http://localhost:8080
  4 threads and 512 connections
  Thread calibration: mean lat.: 3.406ms, rate sampling interval: 10ms
  Thread calibration: mean lat.: 3.373ms, rate sampling interval: 10ms
  Thread calibration: mean lat.: 3.460ms, rate sampling interval: 10ms
  Thread calibration: mean lat.: 3.478ms, rate sampling interval: 11ms
  Thread Stats   Avg      Stdev     99%   +/- Stdev
    Latency     3.87ms    1.76ms   7.35ms   61.82%
    Req/Sec   392.30    204.29     0.90k    69.61%
  Latency Distribution (HdrHistogram - Recorded Latency)
 50.000%    4.34ms
 75.000%    5.09ms
 90.000%    5.68ms
 99.000%    7.35ms
 99.900%   10.75ms
 99.990%   33.89ms
 99.999%   37.53ms
100.000%   37.53ms

  Detailed Percentile spectrum:
       Value   Percentile   TotalCount 1/(1-Percentile)

       1.161     0.000000            1         1.00
       1.682     0.100000         2969         1.11
       1.873     0.200000         5930         1.25
       2.257     0.300000         8888         1.43
       3.577     0.400000        11851         1.67
       4.339     0.500000        14817         2.00
       4.539     0.550000        16319         2.22
       4.691     0.600000        17808         2.50
       4.827     0.650000        19273         2.86
       4.955     0.700000        20739         3.33
       5.091     0.750000        22241         4.00
       5.167     0.775000        22988         4.44
       5.243     0.800000        23718         5.00
       5.335     0.825000        24447         5.71
       5.427     0.850000        25184         6.67
       5.543     0.875000        25929         8.00
       5.611     0.887500        26304         8.89
       5.683     0.900000        26676        10.00
       5.763     0.912500        27033        11.43
       5.883     0.925000        27406        13.33
       6.011     0.937500        27777        16.00
       6.087     0.943750        27956        17.78
       6.175     0.950000        28148        20.00
       6.271     0.956250        28329        22.86
       6.387     0.962500        28516        26.67
       6.523     0.968750        28695        32.00
       6.603     0.971875        28792        35.56
       6.691     0.975000        28886        40.00
       6.779     0.978125        28974        45.71
       6.883     0.981250        29065        53.33
       7.031     0.984375        29158        64.00
       7.111     0.985938        29206        71.11
       7.195     0.987500        29250        80.00
       7.295     0.989062        29299        91.43
       7.395     0.990625        29345       106.67
       7.555     0.992188        29389       128.00
       7.655     0.992969        29413       142.22
       7.767     0.993750        29435       160.00
       7.907     0.994531        29459       182.86
       8.071     0.995313        29482       213.33
       8.175     0.996094        29505       256.00
       8.271     0.996484        29517       284.44
       8.351     0.996875        29528       320.00
       8.527     0.997266        29542       365.71
       8.631     0.997656        29551       426.67
       8.903     0.998047        29563       512.00
       9.047     0.998242        29568       568.89
       9.343     0.998437        29574       640.00
       9.711     0.998633        29580       731.43
      10.287     0.998828        29586       853.33
      11.415     0.999023        29592      1024.00
      14.799     0.999121        29594      1137.78
      15.647     0.999219        29597      1280.00
      17.967     0.999316        29600      1462.86
      23.311     0.999414        29603      1706.67
      24.095     0.999512        29606      2048.00
      24.111     0.999561        29607      2275.56
      26.639     0.999609        29609      2560.00
      27.823     0.999658        29610      2925.71
      29.279     0.999707        29612      3413.33
      30.031     0.999756        29613      4096.00
      30.399     0.999780        29614      4551.11
      33.055     0.999805        29615      5120.00
      33.055     0.999829        29615      5851.43
      33.759     0.999854        29616      6826.67
      33.887     0.999878        29617      8192.00
      33.887     0.999890        29617      9102.22
      33.951     0.999902        29618     10240.00
      33.951     0.999915        29618     11702.86
      33.951     0.999927        29618     13653.33
      35.999     0.999939        29619     16384.00
      35.999     0.999945        29619     18204.44
      35.999     0.999951        29619     20480.00
      35.999     0.999957        29619     23405.71
      35.999     0.999963        29619     27306.67
      37.535     0.999969        29620     32768.00
      37.535     1.000000        29620          inf
#[Mean    =        3.866, StdDeviation   =        1.764]
#[Max     =       37.504, Total count    =        29620]
#[Buckets =           27, SubBuckets     =         2048]
----------------------------------------------------------
  44333 requests in 30.00s, 291.26MB read
  Socket errors: connect 0, read 0, write 0, timeout 23
Requests/sec:   1477.55
Transfer/sec:      9.71MB
