No argument supplied nginx
using  args: threads=4 and connections=512 and duration=30 and requests=4000
Running 30s test @ http://localhost:8080
  4 threads and 512 connections
  Thread calibration: mean lat.: 2844.342ms, rate sampling interval: 11132ms
  Thread calibration: mean lat.: 2886.830ms, rate sampling interval: 11157ms
  Thread calibration: mean lat.: 2917.076ms, rate sampling interval: 11280ms
  Thread calibration: mean lat.: 2953.349ms, rate sampling interval: 11272ms
  Thread Stats   Avg      Stdev     99%   +/- Stdev
    Latency    12.48s     3.85s   20.20s    60.94%
    Req/Sec   357.75      1.48   360.00    100.00%
  Latency Distribution (HdrHistogram - Recorded Latency)
 50.000%   12.47s 
 75.000%   15.57s 
 90.000%   17.73s 
 99.000%   20.20s 
 99.900%   21.51s 
 99.990%   22.30s 
 99.999%   22.66s 
100.000%   22.66s 

  Detailed Percentile spectrum:
       Value   Percentile   TotalCount 1/(1-Percentile)

    3493.887     0.000000            1         1.00
    7331.839     0.100000         2859         1.11
    8642.559     0.200000         5709         1.25
    9895.935     0.300000         8571         1.43
   11173.887     0.400000        11421         1.67
   12468.223     0.500000        14272         2.00
   13066.239     0.550000        15712         2.22
   13688.831     0.600000        17141         2.50
   14295.039     0.650000        18555         2.86
   14917.631     0.700000        19991         3.33
   15572.991     0.750000        21407         4.00
   15933.439     0.775000        22136         4.44
   16236.543     0.800000        22848         5.00
   16580.607     0.825000        23556         5.71
   16941.055     0.850000        24271         6.67
   17334.271     0.875000        24993         8.00
   17530.879     0.887500        25353         8.89
   17727.487     0.900000        25690        10.00
   17940.479     0.912500        26053        11.43
   18169.855     0.925000        26404        13.33
   18448.383     0.937500        26781        16.00
   18595.839     0.943750        26957        17.78
   18726.911     0.950000        27134        20.00
   18874.367     0.956250        27306        22.86
   19054.591     0.962500        27473        26.67
   19234.815     0.968750        27656        32.00
   19316.735     0.971875        27740        35.56
   19464.191     0.975000        27838        40.00
   19595.263     0.978125        27921        45.71
   19726.335     0.981250        28007        53.33
   19873.791     0.984375        28098        64.00
   19972.095     0.985938        28144        71.11
   20070.399     0.987500        28185        80.00
   20168.703     0.989062        28238        91.43
   20234.239     0.990625        28278       106.67
   20332.543     0.992188        28320       128.00
   20398.079     0.992969        28344       142.22
   20496.383     0.993750        28366       160.00
   20594.687     0.994531        28390       182.86
   20676.607     0.995313        28409       213.33
   20774.911     0.996094        28431       256.00
   20873.215     0.996484        28445       284.44
   20922.367     0.996875        28455       320.00
   20955.135     0.997266        28466       365.71
   21020.671     0.997656        28475       426.67
   21135.359     0.998047        28487       512.00
   21184.511     0.998242        28492       568.89
   21250.047     0.998437        28498       640.00
   21282.815     0.998633        28502       731.43
   21397.503     0.998828        28509       853.33
   21544.959     0.999023        28514      1024.00
   21561.343     0.999121        28516      1137.78
   21594.111     0.999219        28519      1280.00
   21790.719     0.999316        28522      1462.86
   21839.871     0.999414        28525      1706.67
   21954.559     0.999512        28528      2048.00
   21987.327     0.999561        28530      2275.56
   21987.327     0.999609        28530      2560.00
   22052.863     0.999658        28532      2925.71
   22069.247     0.999707        28533      3413.33
   22233.087     0.999756        28535      4096.00
   22233.087     0.999780        28535      4551.11
   22249.471     0.999805        28536      5120.00
   22282.239     0.999829        28537      5851.43
   22282.239     0.999854        28537      6826.67
   22298.623     0.999878        28538      8192.00
   22298.623     0.999890        28538      9102.22
   22347.775     0.999902        28539     10240.00
   22347.775     0.999915        28539     11702.86
   22347.775     0.999927        28539     13653.33
   22380.543     0.999939        28540     16384.00
   22380.543     0.999945        28540     18204.44
   22380.543     0.999951        28540     20480.00
   22380.543     0.999957        28540     23405.71
   22380.543     0.999963        28540     27306.67
   22659.071     0.999969        28541     32768.00
   22659.071     1.000000        28541          inf
#[Mean    =    12481.424, StdDeviation   =     3854.723]
#[Max     =    22642.688, Total count    =        28541]
#[Buckets =           27, SubBuckets     =         2048]
----------------------------------------------------------
  43720 requests in 30.02s, 386.69MB read
  Non-2xx or 3xx responses: 44
Requests/sec:   1456.36
Transfer/sec:     12.88MB
