No argument supplied nginx
using  args: threads=4 and connections=512 and duration=30 and requests=6000
Running 30s test @ http://localhost:8080
  4 threads and 512 connections
  Thread calibration: mean lat.: 3608.894ms, rate sampling interval: 13524ms
  Thread calibration: mean lat.: 3682.784ms, rate sampling interval: 13631ms
  Thread calibration: mean lat.: 3638.591ms, rate sampling interval: 13615ms
  Thread calibration: mean lat.: 3654.760ms, rate sampling interval: 13606ms
  Thread Stats   Avg      Stdev     99%   +/- Stdev
    Latency    15.17s     4.45s   23.33s    58.35%
    Req/Sec   349.50      3.04   353.00    100.00%
  Latency Distribution (HdrHistogram - Recorded Latency)
 50.000%   15.15s 
 75.000%   18.96s 
 90.000%   21.25s 
 99.000%   23.33s 
 99.900%   24.31s 
 99.990%   24.87s 
 99.999%   25.54s 
100.000%   25.54s 

  Detailed Percentile spectrum:
       Value   Percentile   TotalCount 1/(1-Percentile)

    5730.303     0.000000            1         1.00
    9109.503     0.100000         2772         1.11
   10584.063     0.200000         5544         1.25
   12099.583     0.300000         8293         1.43
   13598.719     0.400000        11062         1.67
   15147.007     0.500000        13819         2.00
   15949.823     0.550000        15202         2.22
   16703.487     0.600000        16592         2.50
   17416.191     0.650000        17984         2.86
   18202.623     0.700000        19350         3.33
   18956.287     0.750000        20734         4.00
   19333.119     0.775000        21423         4.44
   19726.335     0.800000        22125         5.00
   20086.783     0.825000        22814         5.71
   20479.999     0.850000        23511         6.67
   20840.447     0.875000        24183         8.00
   21053.439     0.887500        24549         8.89
   21250.047     0.900000        24881        10.00
   21463.039     0.912500        25238        11.43
   21676.031     0.925000        25575        13.33
   21921.791     0.937500        25911        16.00
   22052.863     0.943750        26105        17.78
   22183.935     0.950000        26267        20.00
   22315.007     0.956250        26434        22.86
   22462.463     0.962500        26610        26.67
   22609.919     0.968750        26779        32.00
   22691.839     0.971875        26870        35.56
   22773.759     0.975000        26958        40.00
   22872.063     0.978125        27040        45.71
   22986.751     0.981250        27124        53.33
   23085.055     0.984375        27210        64.00
   23150.591     0.985938        27256        71.11
   23216.127     0.987500        27299        80.00
   23298.047     0.989062        27343        91.43
   23379.967     0.990625        27391       106.67
   23445.503     0.992188        27426       128.00
   23494.655     0.992969        27447       142.22
   23560.191     0.993750        27469       160.00
   23592.959     0.994531        27486       182.86
   23674.879     0.995313        27511       213.33
   23773.183     0.996094        27530       256.00
   23822.335     0.996484        27540       284.44
   23871.487     0.996875        27555       320.00
   23937.023     0.997266        27563       365.71
   24002.559     0.997656        27573       426.67
   24084.479     0.998047        27584       512.00
   24133.631     0.998242        27589       568.89
   24182.783     0.998437        27594       640.00
   24215.551     0.998633        27601       731.43
   24264.703     0.998828        27606       853.33
   24313.855     0.999023        27612      1024.00
   24330.239     0.999121        27613      1137.78
   24477.695     0.999219        27618      1280.00
   24494.079     0.999316        27619      1462.86
   24526.847     0.999414        27621      1706.67
   24559.615     0.999512        27625      2048.00
   24559.615     0.999561        27625      2275.56
   24575.999     0.999609        27627      2560.00
   24608.767     0.999658        27628      2925.71
   24641.535     0.999707        27630      3413.33
   24657.919     0.999756        27631      4096.00
   24657.919     0.999780        27631      4551.11
   24674.303     0.999805        27632      5120.00
   24838.143     0.999829        27633      5851.43
   24838.143     0.999854        27633      6826.67
   24870.911     0.999878        27634      8192.00
   24870.911     0.999890        27634      9102.22
   24985.599     0.999902        27635     10240.00
   24985.599     0.999915        27635     11702.86
   24985.599     0.999927        27635     13653.33
   25018.367     0.999939        27636     16384.00
   25018.367     0.999945        27636     18204.44
   25018.367     0.999951        27636     20480.00
   25018.367     0.999957        27636     23405.71
   25018.367     0.999963        27636     27306.67
   25542.655     0.999969        27637     32768.00
   25542.655     1.000000        27637          inf
#[Mean    =    15174.672, StdDeviation   =     4450.229]
#[Max     =    25526.272, Total count    =        27637]
#[Buckets =           27, SubBuckets     =         2048]
----------------------------------------------------------
  42085 requests in 30.02s, 393.38MB read
  Non-2xx or 3xx responses: 27
Requests/sec:   1402.07
Transfer/sec:     13.11MB
