No argument supplied nginx
using  args: threads=4 and connections=512 and duration=30 and requests=3000
Running 30s test @ http://localhost:8080
  4 threads and 512 connections
  Thread calibration: mean lat.: 1606.338ms, rate sampling interval: 7995ms
  Thread calibration: mean lat.: 1615.511ms, rate sampling interval: 7831ms
  Thread calibration: mean lat.: 1582.676ms, rate sampling interval: 7733ms
  Thread calibration: mean lat.: 2043.834ms, rate sampling interval: 8454ms
  Thread Stats   Avg      Stdev     99%   +/- Stdev
    Latency     9.27s     3.38s   16.73s    63.41%
    Req/Sec   366.38      4.58   371.00     75.00%
  Latency Distribution (HdrHistogram - Recorded Latency)
 50.000%    9.10s 
 75.000%   11.83s 
 90.000%   13.89s 
 99.000%   16.73s 
 99.900%   18.10s 
 99.990%   18.89s 
 99.999%   19.27s 
100.000%   19.27s 

  Detailed Percentile spectrum:
       Value   Percentile   TotalCount 1/(1-Percentile)

     692.735     0.000000            1         1.00
    4927.487     0.100000         2929         1.11
    6049.791     0.200000         5845         1.25
    7094.271     0.300000         8755         1.43
    8065.023     0.400000        11686         1.67
    9101.311     0.500000        14615         2.00
    9650.175     0.550000        16070         2.22
   10190.847     0.600000        17516         2.50
   10723.327     0.650000        18976         2.86
   11263.999     0.700000        20445         3.33
   11829.247     0.750000        21895         4.00
   12115.967     0.775000        22614         4.44
   12410.879     0.800000        23357         5.00
   12738.559     0.825000        24072         5.71
   13099.007     0.850000        24802         6.67
   13467.647     0.875000        25537         8.00
   13680.639     0.887500        25904         8.89
   13893.631     0.900000        26262        10.00
   14139.391     0.912500        26627        11.43
   14385.151     0.925000        27001        13.33
   14655.487     0.937500        27356        16.00
   14827.519     0.943750        27536        17.78
   15007.743     0.950000        27723        20.00
   15155.199     0.956250        27904        22.86
   15376.383     0.962500        28085        26.67
   15589.375     0.968750        28273        32.00
   15712.255     0.971875        28360        35.56
   15851.519     0.975000        28451        40.00
   15998.975     0.978125        28540        45.71
   16146.431     0.981250        28634        53.33
   16343.039     0.984375        28722        64.00
   16433.151     0.985938        28769        71.11
   16539.647     0.987500        28815        80.00
   16637.951     0.989062        28858        91.43
   16777.215     0.990625        28905       106.67
   16957.439     0.992188        28952       128.00
   17055.743     0.992969        28976       142.22
   17170.431     0.993750        28995       160.00
   17268.735     0.994531        29018       182.86
   17416.191     0.995313        29044       213.33
   17514.495     0.996094        29064       256.00
   17563.647     0.996484        29078       284.44
   17612.799     0.996875        29086       320.00
   17694.719     0.997266        29100       365.71
   17743.871     0.997656        29110       426.67
   17809.407     0.998047        29122       512.00
   17874.943     0.998242        29126       568.89
   17924.095     0.998437        29133       640.00
   17956.863     0.998633        29140       731.43
   17989.631     0.998828        29143       853.33
   18120.703     0.999023        29149      1024.00
   18137.087     0.999121        29152      1137.78
   18153.471     0.999219        29156      1280.00
   18235.391     0.999316        29158      1462.86
   18268.159     0.999414        29161      1706.67
   18317.311     0.999512        29163      2048.00
   18366.463     0.999561        29165      2275.56
   18382.847     0.999609        29166      2560.00
   18563.071     0.999658        29168      2925.71
   18579.455     0.999707        29170      3413.33
   18579.455     0.999756        29170      4096.00
   18644.991     0.999780        29171      4551.11
   18792.447     0.999805        29172      5120.00
   18857.983     0.999829        29173      5851.43
   18857.983     0.999854        29173      6826.67
   18890.751     0.999878        29174      8192.00
   18890.751     0.999890        29174      9102.22
   19136.511     0.999902        29175     10240.00
   19136.511     0.999915        29175     11702.86
   19136.511     0.999927        29175     13653.33
   19169.279     0.999939        29176     16384.00
   19169.279     0.999945        29176     18204.44
   19169.279     0.999951        29176     20480.00
   19169.279     0.999957        29176     23405.71
   19169.279     0.999963        29176     27306.67
   19267.583     0.999969        29177     32768.00
   19267.583     1.000000        29177          inf
#[Mean    =     9272.681, StdDeviation   =     3380.670]
#[Max     =    19251.200, Total count    =        29177]
#[Buckets =           27, SubBuckets     =         2048]
----------------------------------------------------------
  45482 requests in 30.07s, 390.35MB read
  Socket errors: connect 0, read 0, write 0, timeout 1
  Non-2xx or 3xx responses: 169
Requests/sec:   1512.50
Transfer/sec:     12.98MB
