Using argument nginx
using  args: threads=4 and connections=512 and duration=30 and requests=1500
Running 30s test @ http://10.10.1.4:8080
  4 threads and 512 connections
  Thread calibration: mean lat.: 0.807ms, rate sampling interval: 10ms
  Thread calibration: mean lat.: 0.801ms, rate sampling interval: 10ms
  Thread calibration: mean lat.: 0.822ms, rate sampling interval: 10ms
  Thread calibration: mean lat.: 0.819ms, rate sampling interval: 10ms
  Thread Stats   Avg      Stdev     99%   +/- Stdev
    Latency   797.42us  650.71us   2.49ms   89.48%
    Req/Sec   392.32    203.61     0.90k    70.39%
  Latency Distribution (HdrHistogram - Recorded Latency)
 50.000%  637.00us
 75.000%  815.00us
 90.000%    1.67ms
 99.000%    2.49ms
 99.900%    3.64ms
 99.990%   16.67ms
 99.999%   32.29ms
100.000%   32.29ms

  Detailed Percentile spectrum:
       Value   Percentile   TotalCount 1/(1-Percentile)

       0.296     0.000000            1         1.00
       0.436     0.100000         2977         1.11
       0.475     0.200000         6007         1.25
       0.515     0.300000         8894         1.43
       0.568     0.400000        11865         1.67
       0.637     0.500000        14853         2.00
       0.668     0.550000        16306         2.22
       0.700     0.600000        17817         2.50
       0.731     0.650000        19289         2.86
       0.768     0.700000        20775         3.33
       0.815     0.750000        22244         4.00
       0.841     0.775000        22959         4.44
       0.879     0.800000        23704         5.00
       0.926     0.825000        24441         5.71
       0.996     0.850000        25179         6.67
       1.115     0.875000        25916         8.00
       1.244     0.887500        26289         8.89
       1.670     0.900000        26656        10.00
       1.821     0.912500        27027        11.43
       1.901     0.925000        27396        13.33
       1.976     0.937500        27766        16.00
       2.010     0.943750        27955        17.78
       2.043     0.950000        28139        20.00
       2.083     0.956250        28327        22.86
       2.129     0.962500        28510        26.67
       2.183     0.968750        28695        32.00
       2.207     0.971875        28788        35.56
       2.235     0.975000        28885        40.00
       2.265     0.978125        28970        45.71
       2.309     0.981250        29062        53.33
       2.365     0.984375        29157        64.00
       2.393     0.985938        29205        71.11
       2.429     0.987500        29247        80.00
       2.465     0.989062        29294        91.43
       2.509     0.990625        29341       106.67
       2.565     0.992188        29387       128.00
       2.599     0.992969        29410       142.22
       2.627     0.993750        29432       160.00
       2.673     0.994531        29458       182.86
       2.709     0.995313        29479       213.33
       2.753     0.996094        29502       256.00
       2.797     0.996484        29513       284.44
       2.827     0.996875        29525       320.00
       2.887     0.997266        29537       365.71
       2.961     0.997656        29548       426.67
       3.039     0.998047        29560       512.00
       3.063     0.998242        29565       568.89
       3.147     0.998437        29571       640.00
       3.251     0.998633        29577       731.43
       3.471     0.998828        29583       853.33
       3.887     0.999023        29589      1024.00
       4.323     0.999121        29591      1137.78
       5.439     0.999219        29594      1280.00
      10.935     0.999316        29597      1462.86
      12.615     0.999414        29600      1706.67
      15.751     0.999512        29603      2048.00
      15.767     0.999561        29604      2275.56
      15.927     0.999609        29606      2560.00
      16.063     0.999658        29608      2925.71
      16.071     0.999707        29609      3413.33
      16.167     0.999756        29610      4096.00
      16.175     0.999780        29611      4551.11
      16.279     0.999805        29612      5120.00
      16.279     0.999829        29612      5851.43
      16.431     0.999854        29613      6826.67
      16.671     0.999878        29614      8192.00
      16.671     0.999890        29614      9102.22
      19.439     0.999902        29615     10240.00
      19.439     0.999915        29615     11702.86
      19.439     0.999927        29615     13653.33
      19.855     0.999939        29616     16384.00
      19.855     0.999945        29616     18204.44
      19.855     0.999951        29616     20480.00
      19.855     0.999957        29616     23405.71
      19.855     0.999963        29616     27306.67
      32.287     0.999969        29617     32768.00
      32.287     1.000000        29617          inf
#[Mean    =        0.797, StdDeviation   =        0.651]
#[Max     =       32.272, Total count    =        29617]
#[Buckets =           27, SubBuckets     =         2048]
----------------------------------------------------------
  44334 requests in 30.01s, 8.48MB read
  Socket errors: connect 0, read 0, write 0, timeout 22
Requests/sec:   1477.12
Transfer/sec:    289.33KB
