Using argument nginx
using  args: threads=4 and connections=512 and duration=60 and requests=1500
Running 1m test @ http://10.10.1.4:8080
  4 threads and 512 connections
  Thread calibration: mean lat.: 0.911ms, rate sampling interval: 10ms
  Thread calibration: mean lat.: 0.924ms, rate sampling interval: 10ms
  Thread calibration: mean lat.: 0.880ms, rate sampling interval: 10ms
  Thread calibration: mean lat.: 0.940ms, rate sampling interval: 10ms
  Thread Stats   Avg      Stdev     99%   +/- Stdev
    Latency     0.90ms  728.32us   2.86ms   89.71%
    Req/Sec   395.48    203.24     0.90k    70.54%
  Latency Distribution (HdrHistogram - Recorded Latency)
 50.000%  682.00us
 75.000%    0.97ms
 90.000%    1.92ms
 99.000%    2.86ms
 99.900%    3.86ms
 99.990%   16.99ms
 99.999%   30.91ms
100.000%   38.21ms

  Detailed Percentile spectrum:
       Value   Percentile   TotalCount 1/(1-Percentile)

       0.282     0.000000            1         1.00
       0.451     0.100000         7507         1.11
       0.494     0.200000        14993         1.25
       0.540     0.300000        22471         1.43
       0.598     0.400000        29980         1.67
       0.682     0.500000        37484         2.00
       0.744     0.550000        41174         2.22
       0.805     0.600000        44956         2.50
       0.859     0.650000        48706         2.86
       0.911     0.700000        52403         3.33
       0.971     0.750000        56176         4.00
       1.007     0.775000        58048         4.44
       1.046     0.800000        59891         5.00
       1.095     0.825000        61768         5.71
       1.157     0.850000        63638         6.67
       1.266     0.875000        65509         8.00
       1.372     0.887500        66432         8.89
       1.920     0.900000        67366        10.00
       2.163     0.912500        68309        11.43
       2.269     0.925000        69243        13.33
       2.351     0.937500        70196        16.00
       2.387     0.943750        70642        17.78
       2.431     0.950000        71139        20.00
       2.475     0.956250        71586        22.86
       2.523     0.962500        72047        26.67
       2.575     0.968750        72522        32.00
       2.603     0.971875        72748        35.56
       2.635     0.975000        72994        40.00
       2.667     0.978125        73221        45.71
       2.711     0.981250        73462        53.33
       2.753     0.984375        73689        64.00
       2.777     0.985938        73804        71.11
       2.807     0.987500        73918        80.00
       2.835     0.989062        74033        91.43
       2.871     0.990625        74149       106.67
       2.911     0.992188        74272       128.00
       2.939     0.992969        74329       142.22
       2.971     0.993750        74386       160.00
       3.001     0.994531        74442       182.86
       3.033     0.995313        74501       213.33
       3.079     0.996094        74559       256.00
       3.103     0.996484        74590       284.44
       3.131     0.996875        74617       320.00
       3.171     0.997266        74646       365.71
       3.199     0.997656        74675       426.67
       3.275     0.998047        74705       512.00
       3.327     0.998242        74719       568.89
       3.393     0.998437        74735       640.00
       3.491     0.998633        74748       731.43
       3.661     0.998828        74763       853.33
       3.871     0.999023        74777      1024.00
       4.139     0.999121        74785      1137.78
       4.619     0.999219        74792      1280.00
       7.415     0.999316        74799      1462.86
      16.023     0.999414        74807      1706.67
      16.359     0.999512        74815      2048.00
      16.431     0.999561        74818      2275.56
      16.495     0.999609        74821      2560.00
      16.623     0.999658        74825      2925.71
      16.719     0.999707        74830      3413.33
      16.799     0.999756        74833      4096.00
      16.815     0.999780        74835      4551.11
      16.847     0.999805        74836      5120.00
      16.879     0.999829        74838      5851.43
      16.895     0.999854        74841      6826.67
      16.895     0.999878        74841      8192.00
      16.975     0.999890        74842      9102.22
      16.991     0.999902        74843     10240.00
      17.039     0.999915        74845     11702.86
      17.039     0.999927        74845     13653.33
      17.359     0.999939        74846     16384.00
      17.359     0.999945        74846     18204.44
      17.375     0.999951        74847     20480.00
      17.375     0.999957        74847     23405.71
      23.967     0.999963        74848     27306.67
      23.967     0.999969        74848     32768.00
      23.967     0.999973        74848     36408.89
      30.911     0.999976        74849     40960.00
      30.911     0.999979        74849     46811.43
      30.911     0.999982        74849     54613.33
      30.911     0.999985        74849     65536.00
      30.911     0.999986        74849     72817.78
      38.207     0.999988        74850     81920.00
      38.207     1.000000        74850          inf
#[Mean    =        0.896, StdDeviation   =        0.728]
#[Max     =       38.176, Total count    =        74850]
#[Buckets =           27, SubBuckets     =         2048]
----------------------------------------------------------
  89566 requests in 1.00m, 17.13MB read
  Socket errors: connect 0, read 0, write 0, timeout 43
Requests/sec:   1492.65
Transfer/sec:    292.39KB
