Using argument nginx
using  args: threads=4 and connections=512 and duration=30 and requests=1500
Running 30s test @ http://10.10.1.7:8080
  4 threads and 512 connections
  Thread calibration: mean lat.: 2.521ms, rate sampling interval: 10ms
  Thread calibration: mean lat.: 2.528ms, rate sampling interval: 10ms
  Thread calibration: mean lat.: 2.435ms, rate sampling interval: 10ms
  Thread calibration: mean lat.: 2.439ms, rate sampling interval: 10ms
  Thread Stats   Avg      Stdev     99%   +/- Stdev
    Latency     2.85ms    1.57ms   6.22ms   54.81%
    Req/Sec   392.98    206.03     0.90k    76.30%
  Latency Distribution (HdrHistogram - Recorded Latency)
 50.000%    3.41ms
 75.000%    4.01ms
 90.000%    4.57ms
 99.000%    6.22ms
 99.900%    8.09ms
 99.990%   10.45ms
 99.999%   13.32ms
100.000%   13.32ms

  Detailed Percentile spectrum:
       Value   Percentile   TotalCount 1/(1-Percentile)

       0.434     0.000000            1         1.00
       0.837     0.100000         2982         1.11
       0.970     0.200000         5951         1.25
       1.180     0.300000         8903         1.43
       2.667     0.400000        11865         1.67
       3.413     0.500000        14832         2.00
       3.561     0.550000        16324         2.22
       3.685     0.600000        17815         2.50
       3.793     0.650000        19288         2.86
       3.901     0.700000        20763         3.33
       4.009     0.750000        22253         4.00
       4.073     0.775000        22991         4.44
       4.143     0.800000        23733         5.00
       4.227     0.825000        24504         5.71
       4.315     0.850000        25220         6.67
       4.431     0.875000        25964         8.00
       4.499     0.887500        26335         8.89
       4.571     0.900000        26707        10.00
       4.651     0.912500        27071        11.43
       4.747     0.925000        27435        13.33
       4.875     0.937500        27809        16.00
       4.947     0.943750        27996        17.78
       5.031     0.950000        28180        20.00
       5.135     0.956250        28364        22.86
       5.259     0.962500        28547        26.67
       5.371     0.968750        28734        32.00
       5.463     0.971875        28829        35.56
       5.547     0.975000        28919        40.00
       5.659     0.978125        29011        45.71
       5.783     0.981250        29106        53.33
       5.899     0.984375        29196        64.00
       5.975     0.985938        29242        71.11
       6.059     0.987500        29290        80.00
       6.147     0.989062        29334        91.43
       6.271     0.990625        29380       106.67
       6.419     0.992188        29427       128.00
       6.471     0.992969        29450       142.22
       6.563     0.993750        29473       160.00
       6.687     0.994531        29497       182.86
       6.807     0.995313        29520       213.33
       6.967     0.996094        29543       256.00
       7.047     0.996484        29555       284.44
       7.099     0.996875        29566       320.00
       7.215     0.997266        29577       365.71
       7.355     0.997656        29592       426.67
       7.463     0.998047        29601       512.00
       7.571     0.998242        29607       568.89
       7.623     0.998437        29613       640.00
       7.723     0.998633        29618       731.43
       7.859     0.998828        29624       853.33
       8.187     0.999023        29630      1024.00
       8.327     0.999121        29632      1137.78
       8.439     0.999219        29635      1280.00
       8.487     0.999316        29639      1462.86
       8.543     0.999414        29641      1706.67
       8.719     0.999512        29644      2048.00
       8.879     0.999561        29645      2275.56
       9.119     0.999609        29647      2560.00
       9.327     0.999658        29648      2925.71
       9.455     0.999707        29650      3413.33
       9.583     0.999756        29651      4096.00
      10.119     0.999780        29652      4551.11
      10.199     0.999805        29653      5120.00
      10.199     0.999829        29653      5851.43
      10.231     0.999854        29654      6826.67
      10.455     0.999878        29655      8192.00
      10.455     0.999890        29655      9102.22
      10.679     0.999902        29656     10240.00
      10.679     0.999915        29656     11702.86
      10.679     0.999927        29656     13653.33
      10.735     0.999939        29657     16384.00
      10.735     0.999945        29657     18204.44
      10.735     0.999951        29657     20480.00
      10.735     0.999957        29657     23405.71
      10.735     0.999963        29657     27306.67
      13.319     0.999969        29658     32768.00
      13.319     1.000000        29658          inf
#[Mean    =        2.849, StdDeviation   =        1.570]
#[Max     =       13.312, Total count    =        29658]
#[Buckets =           27, SubBuckets     =         2048]
----------------------------------------------------------
  43993 requests in 30.01s, 290.59MB read
  Socket errors: connect 0, read 0, write 0, timeout 33
Requests/sec:   1466.15
Transfer/sec:      9.68MB
