Using argument nginx
using  args: threads=4 and connections=512 and duration=30 and requests=3000
Running 30s test @ http://10.10.1.7:8080
  4 threads and 512 connections
  Thread calibration: mean lat.: 1118.882ms, rate sampling interval: 5443ms
  Thread calibration: mean lat.: 1112.891ms, rate sampling interval: 5779ms
  Thread calibration: mean lat.: 1053.628ms, rate sampling interval: 5238ms
  Thread calibration: mean lat.: 1159.449ms, rate sampling interval: 5005ms
  Thread Stats   Avg      Stdev     99%   +/- Stdev
    Latency     7.50s     6.17s   22.40s    66.42%
    Req/Sec   324.50     31.36   393.00     66.67%
  Latency Distribution (HdrHistogram - Recorded Latency)
 50.000%    6.18s 
 75.000%   11.30s 
 90.000%   17.48s 
 99.000%   22.40s 
 99.900%   23.31s 
 99.990%   23.74s 
 99.999%   23.90s 
100.000%   23.90s 

  Detailed Percentile spectrum:
       Value   Percentile   TotalCount 1/(1-Percentile)

       0.686     0.000000            1         1.00
     565.247     0.100000         2598         1.11
    1579.007     0.200000         5195         1.25
    2869.247     0.300000         7797         1.43
    4382.719     0.400000        10389         1.67
    6176.767     0.500000        12987         2.00
    7245.823     0.550000        14289         2.22
    8294.399     0.600000        15583         2.50
    9322.495     0.650000        16893         2.86
   10313.727     0.700000        18188         3.33
   11313.151     0.750000        19485         4.00
   11821.055     0.775000        20131         4.44
   12386.303     0.800000        20781         5.00
   13041.663     0.825000        21429         5.71
   14376.959     0.850000        22082         6.67
   15900.671     0.875000        22725         8.00
   16613.375     0.887500        23050         8.89
   17481.727     0.900000        23377        10.00
   18268.159     0.912500        23699        11.43
   19103.743     0.925000        24030        13.33
   19808.255     0.937500        24349        16.00
   20152.319     0.943750        24513        17.78
   20430.847     0.950000        24677        20.00
   20676.607     0.956250        24842        22.86
   20938.751     0.962500        25007        26.67
   21217.279     0.968750        25172        32.00
   21381.119     0.971875        25247        35.56
   21528.575     0.975000        25332        40.00
   21659.647     0.978125        25403        45.71
   21856.255     0.981250        25488        53.33
   22036.479     0.984375        25575        64.00
   22118.399     0.985938        25613        71.11
   22216.703     0.987500        25649        80.00
   22347.775     0.989062        25694        91.43
   22429.695     0.990625        25736       106.67
   22511.615     0.992188        25770       128.00
   22560.767     0.992969        25793       142.22
   22609.919     0.993750        25818       160.00
   22659.071     0.994531        25830       182.86
   22724.607     0.995313        25851       213.33
   22822.911     0.996094        25871       256.00
   22888.447     0.996484        25883       284.44
   22921.215     0.996875        25890       320.00
   22986.751     0.997266        25900       365.71
   23068.671     0.997656        25914       426.67
   23101.439     0.998047        25922       512.00
   23134.207     0.998242        25928       568.89
   23166.975     0.998437        25931       640.00
   23232.511     0.998633        25937       731.43
   23265.279     0.998828        25942       853.33
   23314.431     0.999023        25946      1024.00
   23379.967     0.999121        25951      1137.78
   23379.967     0.999219        25951      1280.00
   23412.735     0.999316        25954      1462.86
   23429.119     0.999414        25957      1706.67
   23543.807     0.999512        25959      2048.00
   23625.727     0.999561        25960      2275.56
   23642.111     0.999609        25963      2560.00
   23642.111     0.999658        25963      2925.71
   23658.495     0.999707        25964      3413.33
   23707.647     0.999756        25966      4096.00
   23707.647     0.999780        25966      4551.11
   23707.647     0.999805        25966      5120.00
   23724.031     0.999829        25967      5851.43
   23740.415     0.999854        25968      6826.67
   23740.415     0.999878        25968      8192.00
   23789.567     0.999890        25970      9102.22
   23789.567     0.999902        25970     10240.00
   23789.567     0.999915        25970     11702.86
   23789.567     0.999927        25970     13653.33
   23789.567     0.999939        25970     16384.00
   23789.567     0.999945        25970     18204.44
   23789.567     0.999951        25970     20480.00
   23789.567     0.999957        25970     23405.71
   23904.255     0.999963        25971     27306.67
   23904.255     1.000000        25971          inf
#[Mean    =     7498.706, StdDeviation   =     6174.576]
#[Max     =    23887.872, Total count    =        25971]
#[Buckets =           27, SubBuckets     =         2048]
----------------------------------------------------------
  40314 requests in 30.02s, 336.82MB read
  Socket errors: connect 0, read 0, write 0, timeout 1
  Non-2xx or 3xx responses: 540
Requests/sec:   1342.85
Transfer/sec:     11.22MB
