Using argument nginx
using  args: threads=4 and connections=512 and duration=30 and requests=2000
Running 30s test @ http://10.10.1.7:8080
  4 threads and 512 connections
  Thread calibration: mean lat.: 3.006ms, rate sampling interval: 10ms
  Thread calibration: mean lat.: 3.018ms, rate sampling interval: 10ms
  Thread calibration: mean lat.: 3.055ms, rate sampling interval: 10ms
  Thread calibration: mean lat.: 3.056ms, rate sampling interval: 10ms
  Thread Stats   Avg      Stdev     99%   +/- Stdev
    Latency     3.11ms    1.55ms   6.74ms   61.98%
    Req/Sec   525.79    234.96     1.11k    68.99%
  Latency Distribution (HdrHistogram - Recorded Latency)
 50.000%    3.54ms
 75.000%    4.08ms
 90.000%    4.74ms
 99.000%    6.74ms
 99.900%    8.81ms
 99.990%   11.96ms
 99.999%   13.06ms
100.000%   13.06ms

  Detailed Percentile spectrum:
       Value   Percentile   TotalCount 1/(1-Percentile)

       0.411     0.000000            1         1.00
       0.883     0.100000         3982         1.11
       1.038     0.200000         7943         1.25
       2.369     0.300000        11915         1.43
       3.219     0.400000        15887         1.67
       3.541     0.500000        19857         2.00
       3.649     0.550000        21844         2.22
       3.749     0.600000        23829         2.50
       3.851     0.650000        25819         2.86
       3.955     0.700000        27795         3.33
       4.077     0.750000        29788         4.00
       4.147     0.775000        30765         4.44
       4.227     0.800000        31763         5.00
       4.315     0.825000        32756         5.71
       4.431     0.850000        33766         6.67
       4.563     0.875000        34762         8.00
       4.643     0.887500        35235         8.89
       4.743     0.900000        35734        10.00
       4.851     0.912500        36241        11.43
       4.975     0.925000        36722        13.33
       5.139     0.937500        37210        16.00
       5.231     0.943750        37462        17.78
       5.335     0.950000        37712        20.00
       5.459     0.956250        37957        22.86
       5.583     0.962500        38204        26.67
       5.739     0.968750        38455        32.00
       5.831     0.971875        38576        35.56
       5.947     0.975000        38698        40.00
       6.059     0.978125        38824        45.71
       6.191     0.981250        38947        53.33
       6.351     0.984375        39070        64.00
       6.447     0.985938        39131        71.11
       6.559     0.987500        39194        80.00
       6.671     0.989062        39255        91.43
       6.799     0.990625        39317       106.67
       6.939     0.992188        39380       128.00
       7.011     0.992969        39410       142.22
       7.147     0.993750        39442       160.00
       7.267     0.994531        39472       182.86
       7.431     0.995313        39503       213.33
       7.643     0.996094        39535       256.00
       7.727     0.996484        39550       284.44
       7.891     0.996875        39565       320.00
       8.027     0.997266        39582       365.71
       8.119     0.997656        39597       426.67
       8.327     0.998047        39612       512.00
       8.383     0.998242        39620       568.89
       8.439     0.998437        39628       640.00
       8.551     0.998633        39635       731.43
       8.663     0.998828        39643       853.33
       8.839     0.999023        39651      1024.00
       8.967     0.999121        39655      1137.78
       9.079     0.999219        39658      1280.00
       9.239     0.999316        39662      1462.86
       9.407     0.999414        39666      1706.67
       9.511     0.999512        39671      2048.00
       9.527     0.999561        39672      2275.56
       9.695     0.999609        39674      2560.00
       9.839     0.999658        39676      2925.71
      10.487     0.999707        39678      3413.33
      10.783     0.999756        39680      4096.00
      10.839     0.999780        39681      4551.11
      10.927     0.999805        39683      5120.00
      10.927     0.999829        39683      5851.43
      11.295     0.999854        39684      6826.67
      11.959     0.999878        39685      8192.00
      11.959     0.999890        39685      9102.22
      12.151     0.999902        39686     10240.00
      12.151     0.999915        39686     11702.86
      12.447     0.999927        39687     13653.33
      12.447     0.999939        39687     16384.00
      12.447     0.999945        39687     18204.44
      12.935     0.999951        39688     20480.00
      12.935     0.999957        39688     23405.71
      12.935     0.999963        39688     27306.67
      12.935     0.999969        39688     32768.00
      12.935     0.999973        39688     36408.89
      13.055     0.999976        39689     40960.00
      13.055     1.000000        39689          inf
#[Mean    =        3.106, StdDeviation   =        1.546]
#[Max     =       13.048, Total count    =        39689]
#[Buckets =           27, SubBuckets     =         2048]
----------------------------------------------------------
  59189 requests in 30.00s, 478.51MB read
  Socket errors: connect 0, read 0, write 0, timeout 9
Requests/sec:   1972.69
Transfer/sec:     15.95MB
