Using argument nginx
using  args: threads=4 and connections=512 and duration=30 and requests=2000
Running 30s test @ http://10.10.1.7:5000
  4 threads and 512 connections
  Thread calibration: mean lat.: 1.994ms, rate sampling interval: 10ms
  Thread calibration: mean lat.: 2.025ms, rate sampling interval: 10ms
  Thread calibration: mean lat.: 2.010ms, rate sampling interval: 10ms
  Thread calibration: mean lat.: 1.967ms, rate sampling interval: 10ms
  Thread Stats   Avg      Stdev     99%   +/- Stdev
    Latency     2.00ms    1.30ms   6.33ms   83.53%
    Req/Sec   526.06    234.79     1.11k    69.58%
  Latency Distribution (HdrHistogram - Recorded Latency)
 50.000%    1.50ms
 75.000%    2.66ms
 90.000%    3.85ms
 99.000%    6.33ms
 99.900%    8.15ms
 99.990%   10.54ms
 99.999%   12.57ms
100.000%   12.57ms

  Detailed Percentile spectrum:
       Value   Percentile   TotalCount 1/(1-Percentile)

       0.317     0.000000            1         1.00
       0.806     0.100000         4000         1.11
       0.918     0.200000         7941         1.25
       1.270     0.300000        11911         1.43
       1.394     0.400000        15890         1.67
       1.496     0.500000        19855         2.00
       1.560     0.550000        21809         2.22
       1.659     0.600000        23799         2.50
       1.922     0.650000        25777         2.86
       2.379     0.700000        27765         3.33
       2.665     0.750000        29744         4.00
       2.807     0.775000        30737         4.44
       2.959     0.800000        31726         5.00
       3.135     0.825000        32713         5.71
       3.339     0.850000        33703         6.67
       3.575     0.875000        34699         8.00
       3.701     0.887500        35192         8.89
       3.853     0.900000        35689        10.00
       4.015     0.912500        36181        11.43
       4.215     0.925000        36679        13.33
       4.435     0.937500        37175        16.00
       4.571     0.943750        37424        17.78
       4.715     0.950000        37671        20.00
       4.867     0.956250        37915        22.86
       5.051     0.962500        38163        26.67
       5.235     0.968750        38411        32.00
       5.347     0.971875        38535        35.56
       5.463     0.975000        38658        40.00
       5.599     0.978125        38783        45.71
       5.747     0.981250        38906        53.33
       5.939     0.984375        39031        64.00
       6.023     0.985938        39096        71.11
       6.143     0.987500        39156        80.00
       6.255     0.989062        39219        91.43
       6.399     0.990625        39279       106.67
       6.555     0.992188        39341       128.00
       6.631     0.992969        39372       142.22
       6.727     0.993750        39402       160.00
       6.855     0.994531        39435       182.86
       6.983     0.995313        39464       213.33
       7.135     0.996094        39495       256.00
       7.179     0.996484        39511       284.44
       7.267     0.996875        39527       320.00
       7.343     0.997266        39541       365.71
       7.523     0.997656        39557       426.67
       7.647     0.998047        39572       512.00
       7.763     0.998242        39580       568.89
       7.839     0.998437        39588       640.00
       7.939     0.998633        39595       731.43
       8.055     0.998828        39603       853.33
       8.167     0.999023        39611      1024.00
       8.279     0.999121        39615      1137.78
       8.415     0.999219        39619      1280.00
       8.455     0.999316        39622      1462.86
       8.567     0.999414        39626      1706.67
       8.735     0.999512        39630      2048.00
       8.815     0.999561        39632      2275.56
       8.959     0.999609        39634      2560.00
       9.095     0.999658        39636      2925.71
       9.199     0.999707        39638      3413.33
       9.431     0.999756        39640      4096.00
       9.679     0.999780        39641      4551.11
       9.727     0.999805        39642      5120.00
       9.815     0.999829        39643      5851.43
       9.975     0.999854        39644      6826.67
      10.543     0.999878        39645      8192.00
      10.543     0.999890        39645      9102.22
      10.671     0.999902        39646     10240.00
      10.671     0.999915        39646     11702.86
      11.079     0.999927        39647     13653.33
      11.079     0.999939        39647     16384.00
      11.079     0.999945        39647     18204.44
      11.959     0.999951        39648     20480.00
      11.959     0.999957        39648     23405.71
      11.959     0.999963        39648     27306.67
      11.959     0.999969        39648     32768.00
      11.959     0.999973        39648     36408.89
      12.567     0.999976        39649     40960.00
      12.567     1.000000        39649          inf
#[Mean    =        2.001, StdDeviation   =        1.302]
#[Max     =       12.560, Total count    =        39649]
#[Buckets =           27, SubBuckets     =         2048]
----------------------------------------------------------
  58715 requests in 30.00s, 24.25MB read
  Socket errors: connect 0, read 0, write 0, timeout 8
Requests/sec:   1957.01
Transfer/sec:    827.60KB
