Using argument nginx
using  args: threads=4 and connections=512 and duration=30 and requests=4000
Running 30s test @ http://10.10.1.7:8080
  4 threads and 512 connections
  Thread calibration: mean lat.: 1662.803ms, rate sampling interval: 7389ms
  Thread calibration: mean lat.: 1747.164ms, rate sampling interval: 7565ms
  Thread calibration: mean lat.: 1914.457ms, rate sampling interval: 7569ms
  Thread calibration: mean lat.: 2290.562ms, rate sampling interval: 9854ms
  Thread Stats   Avg      Stdev     99%   +/- Stdev
    Latency    12.36s     5.77s   23.04s    65.59%
    Req/Sec   297.50     30.29   347.00     62.50%
  Latency Distribution (HdrHistogram - Recorded Latency)
 50.000%   13.71s 
 75.000%   16.61s 
 90.000%   19.14s 
 99.000%   23.04s 
 99.900%   24.51s 
 99.990%   25.79s 
 99.999%   26.36s 
100.000%   26.36s 

  Detailed Percentile spectrum:
       Value   Percentile   TotalCount 1/(1-Percentile)

       0.875     0.000000            1         1.00
    3426.303     0.100000         2419         1.11
    6516.735     0.200000         4835         1.25
    9379.839     0.300000         7254         1.43
   11452.415     0.400000         9676         1.67
   13705.215     0.500000        12096         2.00
   14409.727     0.550000        13313         2.22
   14958.591     0.600000        14511         2.50
   15507.455     0.650000        15717         2.86
   16031.743     0.700000        16928         3.33
   16605.183     0.750000        18144         4.00
   16875.519     0.775000        18744         4.44
   17235.967     0.800000        19352         5.00
   17580.031     0.825000        19949         5.71
   18006.015     0.850000        20570         6.67
   18497.535     0.875000        21166         8.00
   18792.447     0.887500        21471         8.89
   19136.511     0.900000        21765        10.00
   19496.959     0.912500        22068        11.43
   19939.327     0.925000        22368        13.33
   20463.615     0.937500        22676        16.00
   20676.607     0.943750        22825        17.78
   20922.367     0.950000        22970        20.00
   21168.127     0.956250        23121        22.86
   21512.191     0.962500        23277        26.67
   21807.103     0.968750        23420        32.00
   21987.327     0.971875        23497        35.56
   22167.551     0.975000        23570        40.00
   22315.007     0.978125        23645        45.71
   22446.079     0.981250        23725        53.33
   22609.919     0.984375        23802        64.00
   22757.375     0.985938        23836        71.11
   22855.679     0.987500        23871        80.00
   22953.983     0.989062        23909        91.43
   23085.055     0.990625        23948       106.67
   23232.511     0.992188        23988       128.00
   23298.047     0.992969        24006       142.22
   23396.351     0.993750        24023       160.00
   23461.887     0.994531        24044       182.86
   23527.423     0.995313        24060       213.33
   23625.727     0.996094        24082       256.00
   23658.495     0.996484        24090       284.44
   23707.647     0.996875        24102       320.00
   23773.183     0.997266        24111       365.71
   23822.335     0.997656        24117       426.67
   23920.639     0.998047        24126       512.00
   23969.791     0.998242        24131       568.89
   24084.479     0.998437        24136       640.00
   24133.631     0.998633        24140       731.43
   24412.159     0.998828        24146       853.33
   24657.919     0.999023        24150      1024.00
   24723.455     0.999121        24152      1137.78
   24788.991     0.999219        24156      1280.00
   24838.143     0.999316        24157      1462.86
   24936.447     0.999414        24159      1706.67
   25149.439     0.999512        24162      2048.00
   25198.591     0.999561        24163      2275.56
   25411.583     0.999609        24164      2560.00
   25444.351     0.999658        24165      2925.71
   25460.735     0.999707        24166      3413.33
   25591.807     0.999756        24168      4096.00
   25591.807     0.999780        24168      4551.11
   25657.343     0.999805        24169      5120.00
   25657.343     0.999829        24169      5851.43
   25739.263     0.999854        24170      6826.67
   25788.415     0.999878        24171      8192.00
   25788.415     0.999890        24171      9102.22
   25788.415     0.999902        24171     10240.00
   25788.415     0.999915        24171     11702.86
   26066.943     0.999927        24172     13653.33
   26066.943     0.999939        24172     16384.00
   26066.943     0.999945        24172     18204.44
   26066.943     0.999951        24172     20480.00
   26066.943     0.999957        24172     23405.71
   26361.855     0.999963        24173     27306.67
   26361.855     1.000000        24173          inf
#[Mean    =    12359.072, StdDeviation   =     5769.809]
#[Max     =    26345.472, Total count    =        24173]
#[Buckets =           27, SubBuckets     =         2048]
----------------------------------------------------------
  37523 requests in 30.07s, 326.08MB read
  Non-2xx or 3xx responses: 833
Requests/sec:   1247.68
Transfer/sec:     10.84MB
