Using argument nginx
using  args: threads=4 and connections=512 and duration=30 and requests=5000
Running 30s test @ http://10.10.1.8:8080
  4 threads and 512 connections
  Thread calibration: mean lat.: 1983.876ms, rate sampling interval: 8929ms
  Thread calibration: mean lat.: 2045.617ms, rate sampling interval: 8814ms
  Thread calibration: mean lat.: 1956.804ms, rate sampling interval: 8454ms
  Thread calibration: mean lat.: 2370.429ms, rate sampling interval: 9314ms
  Thread Stats   Avg      Stdev     99%   +/- Stdev
    Latency     9.97s     3.66s   18.33s    63.71%
    Req/Sec   577.62     14.67   602.00     62.50%
  Latency Distribution (HdrHistogram - Recorded Latency)
 50.000%    9.80s 
 75.000%   12.70s 
 90.000%   14.94s 
 99.000%   18.33s 
 99.900%   20.46s 
 99.990%   21.99s 
 99.999%   22.40s 
100.000%   22.40s 

  Detailed Percentile spectrum:
       Value   Percentile   TotalCount 1/(1-Percentile)

     274.687     0.000000            1         1.00
    5300.223     0.100000         4590         1.11
    6533.119     0.200000         9172         1.25
    7618.559     0.300000        13751         1.43
    8699.903     0.400000        18339         1.67
    9797.631     0.500000        22932         2.00
   10297.343     0.550000        25251         2.22
   10862.591     0.600000        27516         2.50
   11419.647     0.650000        29800         2.86
   11993.087     0.700000        32091         3.33
   12697.599     0.750000        34382         4.00
   13033.471     0.775000        35539         4.44
   13361.151     0.800000        36673         5.00
   13754.367     0.825000        37813         5.71
   14172.159     0.850000        38975         6.67
   14532.607     0.875000        40103         8.00
   14737.407     0.887500        40674         8.89
   14942.207     0.900000        41243        10.00
   15204.351     0.912500        41824        11.43
   15523.839     0.925000        42400        13.33
   15818.751     0.937500        42963        16.00
   15982.591     0.943750        43252        17.78
   16179.199     0.950000        43543        20.00
   16367.615     0.956250        43818        22.86
   16564.223     0.962500        44112        26.67
   16842.751     0.968750        44407        32.00
   16990.207     0.971875        44541        35.56
   17154.047     0.975000        44680        40.00
   17350.655     0.978125        44830        45.71
   17645.567     0.981250        44970        53.33
   17874.943     0.984375        45117        64.00
   17956.863     0.985938        45178        71.11
   18071.551     0.987500        45261        80.00
   18219.007     0.989062        45322        91.43
   18431.999     0.990625        45396       106.67
   18661.375     0.992188        45466       128.00
   18776.063     0.992969        45500       142.22
   18956.287     0.993750        45536       160.00
   19103.743     0.994531        45574       182.86
   19251.199     0.995313        45609       213.33
   19464.191     0.996094        45646       256.00
   19513.343     0.996484        45664       284.44
   19578.879     0.996875        45680       320.00
   19660.799     0.997266        45698       365.71
   19808.255     0.997656        45718       426.67
   20037.631     0.998047        45733       512.00
   20201.471     0.998242        45743       568.89
   20283.391     0.998437        45753       640.00
   20381.695     0.998633        45763       731.43
   20430.847     0.998828        45769       853.33
   20463.615     0.999023        45778      1024.00
   20512.767     0.999121        45782      1137.78
   20545.535     0.999219        45787      1280.00
   20660.223     0.999316        45792      1462.86
   20725.759     0.999414        45796      1706.67
   20791.295     0.999512        45800      2048.00
   20824.063     0.999561        45802      2275.56
   20873.215     0.999609        45806      2560.00
   20889.599     0.999658        45807      2925.71
   20987.903     0.999707        45809      3413.33
   21151.743     0.999756        45811      4096.00
   21610.495     0.999780        45813      4551.11
   21938.175     0.999805        45814      5120.00
   21954.559     0.999829        45816      5851.43
   21954.559     0.999854        45816      6826.67
   21987.327     0.999878        45817      8192.00
   21987.327     0.999890        45817      9102.22
   22265.855     0.999902        45818     10240.00
   22315.007     0.999915        45819     11702.86
   22315.007     0.999927        45819     13653.33
   22347.775     0.999939        45820     16384.00
   22347.775     0.999945        45820     18204.44
   22347.775     0.999951        45820     20480.00
   22380.543     0.999957        45821     23405.71
   22380.543     0.999963        45821     27306.67
   22380.543     0.999969        45821     32768.00
   22380.543     0.999973        45821     36408.89
   22380.543     0.999976        45821     40960.00
   22396.927     0.999979        45822     46811.43
   22396.927     1.000000        45822          inf
#[Mean    =     9970.409, StdDeviation   =     3664.095]
#[Max     =    22380.544, Total count    =        45822]
#[Buckets =           27, SubBuckets     =         2048]
----------------------------------------------------------
  69921 requests in 30.03s, 509.99MB read
  Non-2xx or 3xx responses: 12278
Requests/sec:   2328.64
Transfer/sec:     16.98MB
