Using argument nginx
using  args: threads=4 and connections=512 and duration=30 and requests=2000
Running 30s test @ http://10.10.1.5:8080
  4 threads and 512 connections
  Thread calibration: mean lat.: 2.981ms, rate sampling interval: 10ms
  Thread calibration: mean lat.: 2.989ms, rate sampling interval: 10ms
  Thread calibration: mean lat.: 2.974ms, rate sampling interval: 10ms
  Thread calibration: mean lat.: 2.946ms, rate sampling interval: 10ms
  Thread Stats   Avg      Stdev     99%   +/- Stdev
    Latency     3.03ms    1.55ms   6.51ms   61.74%
    Req/Sec   525.71    236.75     1.11k    69.39%
  Latency Distribution (HdrHistogram - Recorded Latency)
 50.000%    3.51ms
 75.000%    4.04ms
 90.000%    4.67ms
 99.000%    6.51ms
 99.900%    8.66ms
 99.990%   11.13ms
 99.999%   18.98ms
100.000%   18.98ms

  Detailed Percentile spectrum:
       Value   Percentile   TotalCount 1/(1-Percentile)

       0.402     0.000000            1         1.00
       0.821     0.100000         4000         1.11
       0.917     0.200000         7951         1.25
       2.271     0.300000        11919         1.43
       3.117     0.400000        15880         1.67
       3.513     0.500000        19885         2.00
       3.621     0.550000        21838         2.22
       3.723     0.600000        23827         2.50
       3.823     0.650000        25812         2.86
       3.925     0.700000        27806         3.33
       4.039     0.750000        29799         4.00
       4.103     0.775000        30783         4.44
       4.179     0.800000        31797         5.00
       4.263     0.825000        32775         5.71
       4.367     0.850000        33749         6.67
       4.499     0.875000        34755         8.00
       4.575     0.887500        35225         8.89
       4.667     0.900000        35731        10.00
       4.763     0.912500        36230        11.43
       4.879     0.925000        36721        13.33
       5.015     0.937500        37209        16.00
       5.107     0.943750        37468        17.78
       5.207     0.950000        37705        20.00
       5.331     0.956250        37954        22.86
       5.459     0.962500        38201        26.67
       5.611     0.968750        38450        32.00
       5.699     0.971875        38572        35.56
       5.791     0.975000        38697        40.00
       5.911     0.978125        38820        45.71
       6.031     0.981250        38949        53.33
       6.163     0.984375        39069        64.00
       6.239     0.985938        39130        71.11
       6.339     0.987500        39192        80.00
       6.439     0.989062        39254        91.43
       6.579     0.990625        39318       106.67
       6.735     0.992188        39378       128.00
       6.827     0.992969        39409       142.22
       6.939     0.993750        39440       160.00
       7.047     0.994531        39471       182.86
       7.199     0.995313        39502       213.33
       7.371     0.996094        39533       256.00
       7.431     0.996484        39549       284.44
       7.535     0.996875        39564       320.00
       7.647     0.997266        39580       365.71
       7.807     0.997656        39596       426.67
       7.959     0.998047        39611       512.00
       8.131     0.998242        39620       568.89
       8.215     0.998437        39626       640.00
       8.439     0.998633        39634       731.43
       8.559     0.998828        39643       853.33
       8.735     0.999023        39650      1024.00
       8.887     0.999121        39655      1137.78
       9.015     0.999219        39657      1280.00
       9.247     0.999316        39661      1462.86
       9.327     0.999414        39665      1706.67
       9.591     0.999512        39669      2048.00
       9.663     0.999561        39671      2275.56
       9.735     0.999609        39673      2560.00
       9.991     0.999658        39675      2925.71
      10.199     0.999707        39677      3413.33
      10.631     0.999756        39679      4096.00
      10.719     0.999780        39680      4551.11
      10.743     0.999805        39681      5120.00
      10.975     0.999829        39682      5851.43
      11.071     0.999854        39683      6826.67
      11.127     0.999878        39684      8192.00
      11.127     0.999890        39684      9102.22
      12.111     0.999902        39685     10240.00
      12.111     0.999915        39685     11702.86
      12.751     0.999927        39686     13653.33
      12.751     0.999939        39686     16384.00
      12.751     0.999945        39686     18204.44
      13.823     0.999951        39687     20480.00
      13.823     0.999957        39687     23405.71
      13.823     0.999963        39687     27306.67
      13.823     0.999969        39687     32768.00
      13.823     0.999973        39687     36408.89
      18.975     0.999976        39688     40960.00
      18.975     1.000000        39688          inf
#[Mean    =        3.029, StdDeviation   =        1.550]
#[Max     =       18.960, Total count    =        39688]
#[Buckets =           27, SubBuckets     =         2048]
----------------------------------------------------------
  59187 requests in 30.00s, 479.85MB read
  Socket errors: connect 0, read 0, write 0, timeout 8
Requests/sec:   1972.81
Transfer/sec:     15.99MB
