Using argument nginx
using  args: threads=4 and connections=512 and duration=30 and requests=1000
Running 30s test @ http://10.10.1.8:8080/wrk2-api/user-timeline/read
  4 threads and 512 connections
  Thread calibration: mean lat.: 1.997ms, rate sampling interval: 10ms
  Thread calibration: mean lat.: 2.796ms, rate sampling interval: 10ms
  Thread calibration: mean lat.: 2.823ms, rate sampling interval: 10ms
  Thread calibration: mean lat.: 2.045ms, rate sampling interval: 10ms
  Thread Stats   Avg      Stdev     99%   +/- Stdev
    Latency     1.87ms    2.50ms  15.38ms   97.65%
    Req/Sec   263.71    165.89   700.00     75.04%
  Latency Distribution (HdrHistogram - Recorded Latency)
 50.000%    1.45ms
 75.000%    1.60ms
 90.000%    1.89ms
 99.000%   15.38ms
 99.900%   33.98ms
 99.990%   46.85ms
 99.999%   48.13ms
100.000%   48.13ms

  Detailed Percentile spectrum:
       Value   Percentile   TotalCount 1/(1-Percentile)

       1.062     0.000000            1         1.00
       1.269     0.100000         2010         1.11
       1.320     0.200000         4010         1.25
       1.363     0.300000         5969         1.43
       1.405     0.400000         7986         1.67
       1.447     0.500000         9953         2.00
       1.469     0.550000        10965         2.22
       1.495     0.600000        11965         2.50
       1.523     0.650000        12966         2.86
       1.555     0.700000        13936         3.33
       1.595     0.750000        14934         4.00
       1.619     0.775000        15428         4.44
       1.646     0.800000        15928         5.00
       1.679     0.825000        16417         5.71
       1.717     0.850000        16906         6.67
       1.780     0.875000        17404         8.00
       1.821     0.887500        17653         8.89
       1.887     0.900000        17900        10.00
       2.009     0.912500        18150        11.43
       2.447     0.925000        18400        13.33
       2.673     0.937500        18646        16.00
       2.763     0.943750        18773        17.78
       2.855     0.950000        18896        20.00
       2.941     0.956250        19019        22.86
       3.053     0.962500        19143        26.67
       3.239     0.968750        19267        32.00
       3.371     0.971875        19329        35.56
       3.615     0.975000        19391        40.00
       6.639     0.978125        19454        45.71
       9.799     0.981250        19516        53.33
      11.871     0.984375        19578        64.00
      12.967     0.985938        19609        71.11
      13.799     0.987500        19640        80.00
      14.815     0.989062        19671        91.43
      15.919     0.990625        19702       106.67
      16.975     0.992188        19733       128.00
      17.823     0.992969        19749       142.22
      18.863     0.993750        19764       160.00
      19.727     0.994531        19780       182.86
      20.687     0.995313        19795       213.33
      22.303     0.996094        19811       256.00
      22.831     0.996484        19819       284.44
      23.551     0.996875        19826       320.00
      25.007     0.997266        19834       365.71
      26.511     0.997656        19842       426.67
      28.511     0.998047        19850       512.00
      29.007     0.998242        19854       568.89
      29.679     0.998437        19857       640.00
      31.151     0.998633        19861       731.43
      32.559     0.998828        19865       853.33
      34.367     0.999023        19869      1024.00
      34.815     0.999121        19871      1137.78
      35.135     0.999219        19873      1280.00
      35.551     0.999316        19875      1462.86
      35.935     0.999414        19877      1706.67
      38.207     0.999512        19880      2048.00
      38.207     0.999561        19880      2275.56
      38.303     0.999609        19881      2560.00
      38.335     0.999658        19882      2925.71
      39.551     0.999707        19883      3413.33
      40.127     0.999756        19884      4096.00
      40.127     0.999780        19884      4551.11
      42.719     0.999805        19885      5120.00
      42.719     0.999829        19885      5851.43
      46.847     0.999854        19886      6826.67
      46.847     0.999878        19886      8192.00
      46.847     0.999890        19886      9102.22
      47.199     0.999902        19887     10240.00
      47.199     0.999915        19887     11702.86
      47.199     0.999927        19887     13653.33
      47.199     0.999939        19887     16384.00
      47.199     0.999945        19887     18204.44
      48.127     0.999951        19888     20480.00
      48.127     1.000000        19888          inf
#[Mean    =        1.874, StdDeviation   =        2.504]
#[Max     =       48.096, Total count    =        19888]
#[Buckets =           27, SubBuckets     =         2048]
----------------------------------------------------------
  29408 requests in 30.00s, 5.16MB read
  Socket errors: connect 0, read 0, write 0, timeout 173
Requests/sec:    980.11
Transfer/sec:    176.11KB
