Using argument nginx
using  args: threads=4 and connections=512 and duration=30 and requests=2000
Running 30s test @ http://10.10.1.8:8080/wrk2-api/user-timeline/read
  4 threads and 512 connections
  Thread calibration: mean lat.: 1407.982ms, rate sampling interval: 7258ms
  Thread calibration: mean lat.: 1411.232ms, rate sampling interval: 7069ms
  Thread calibration: mean lat.: 1639.443ms, rate sampling interval: 7249ms
  Thread calibration: mean lat.: 1419.399ms, rate sampling interval: 7147ms
  Thread Stats   Avg      Stdev     99%   +/- Stdev
    Latency     8.73s     3.21s   15.96s    63.77%
    Req/Sec   257.25      2.28   261.00     75.00%
  Latency Distribution (HdrHistogram - Recorded Latency)
 50.000%    8.54s 
 75.000%   11.10s 
 90.000%   13.13s 
 99.000%   15.96s 
 99.900%   17.65s 
 99.990%   18.79s 
 99.999%   19.58s 
100.000%   19.58s 

  Detailed Percentile spectrum:
       Value   Percentile   TotalCount 1/(1-Percentile)

     582.143     0.000000            1         1.00
    4640.767     0.100000         2059         1.11
    5722.111     0.200000         4114         1.25
    6676.479     0.300000         6164         1.43
    7593.983     0.400000         8219         1.67
    8536.063     0.500000        10292         2.00
    9043.967     0.550000        11302         2.22
    9551.871     0.600000        12326         2.50
   10043.391     0.650000        13366         2.86
   10575.871     0.700000        14386         3.33
   11100.159     0.750000        15407         4.00
   11378.687     0.775000        15921         4.44
   11681.791     0.800000        16438         5.00
   12025.855     0.825000        16952         5.71
   12345.343     0.850000        17462         6.67
   12722.175     0.875000        17982         8.00
   12926.975     0.887500        18241         8.89
   13131.775     0.900000        18490        10.00
   13361.151     0.912500        18747        11.43
   13598.719     0.925000        19003        13.33
   13877.247     0.937500        19261        16.00
   14024.703     0.943750        19397        17.78
   14155.775     0.950000        19515        20.00
   14319.615     0.956250        19645        22.86
   14491.647     0.962500        19772        26.67
   14712.831     0.968750        19901        32.00
   14843.903     0.971875        19964        35.56
   14991.359     0.975000        20034        40.00
   15089.663     0.978125        20092        45.71
   15286.271     0.981250        20157        53.33
   15466.495     0.984375        20222        64.00
   15572.991     0.985938        20254        71.11
   15679.487     0.987500        20286        80.00
   15859.711     0.989062        20319        91.43
   15982.591     0.990625        20350       106.67
   16154.623     0.992188        20381       128.00
   16277.503     0.992969        20398       142.22
   16400.383     0.993750        20413       160.00
   16482.303     0.994531        20429       182.86
   16637.951     0.995313        20445       213.33
   16777.215     0.996094        20461       256.00
   16875.519     0.996484        20471       284.44
   16908.287     0.996875        20480       320.00
   16990.207     0.997266        20485       365.71
   17055.743     0.997656        20493       426.67
   17203.199     0.998047        20501       512.00
   17301.503     0.998242        20506       568.89
   17317.887     0.998437        20509       640.00
   17399.807     0.998633        20513       731.43
   17580.031     0.998828        20518       853.33
   17661.951     0.999023        20521      1024.00
   17776.639     0.999121        20524      1137.78
   17809.407     0.999219        20525      1280.00
   17907.711     0.999316        20528      1462.86
   17924.095     0.999414        20530      1706.67
   17989.631     0.999512        20531      2048.00
   18038.783     0.999561        20532      2275.56
   18071.551     0.999609        20533      2560.00
   18202.623     0.999658        20534      2925.71
   18284.543     0.999707        20535      3413.33
   18415.615     0.999756        20536      4096.00
   18431.999     0.999780        20537      4551.11
   18431.999     0.999805        20537      5120.00
   18595.839     0.999829        20538      5851.43
   18595.839     0.999854        20538      6826.67
   18792.447     0.999878        20539      8192.00
   18792.447     0.999890        20539      9102.22
   18792.447     0.999902        20539     10240.00
   18890.751     0.999915        20540     11702.86
   18890.751     0.999927        20540     13653.33
   18890.751     0.999939        20540     16384.00
   18890.751     0.999945        20540     18204.44
   18890.751     0.999951        20540     20480.00
   19578.879     0.999957        20541     23405.71
   19578.879     1.000000        20541          inf
#[Mean    =     8728.362, StdDeviation   =     3205.155]
#[Max     =    19562.496, Total count    =        20541]
#[Buckets =           27, SubBuckets     =         2048]
----------------------------------------------------------
  31930 requests in 30.03s, 5.60MB read
  Socket errors: connect 0, read 0, write 0, timeout 9
Requests/sec:   1063.13
Transfer/sec:    191.03KB
