Using argument nginx
using  args: threads=4 and connections=512 and duration=30 and requests=3000
Running 30s test @ http://10.10.1.8:8080/wrk2-api/user-timeline/read
  4 threads and 512 connections
  Thread calibration: mean lat.: 2999.788ms, rate sampling interval: 11485ms
  Thread calibration: mean lat.: 3173.461ms, rate sampling interval: 11149ms
  Thread calibration: mean lat.: 3037.917ms, rate sampling interval: 11583ms
  Thread calibration: mean lat.: 2952.681ms, rate sampling interval: 11427ms
  Thread Stats   Avg      Stdev     99%   +/- Stdev
    Latency    12.78s     3.94s   20.63s    60.44%
    Req/Sec   257.25      1.92   260.00    100.00%
  Latency Distribution (HdrHistogram - Recorded Latency)
 50.000%   12.73s 
 75.000%   15.97s 
 90.000%   18.17s 
 99.000%   20.63s 
 99.900%   21.76s 
 99.990%   22.84s 
 99.999%   23.58s 
100.000%   23.58s 

  Detailed Percentile spectrum:
       Value   Percentile   TotalCount 1/(1-Percentile)

    3723.263     0.000000            1         1.00
    7524.351     0.100000         2055         1.11
    8830.975     0.200000         4106         1.25
   10133.503     0.300000         6153         1.43
   11427.839     0.400000         8200         1.67
   12730.367     0.500000        10238         2.00
   13369.343     0.550000        11259         2.22
   14016.511     0.600000        12285         2.50
   14671.871     0.650000        13315         2.86
   15302.655     0.700000        14331         3.33
   15974.399     0.750000        15373         4.00
   16318.463     0.775000        15873         4.44
   16646.143     0.800000        16383         5.00
   16990.207     0.825000        16906         5.71
   17334.271     0.850000        17402         6.67
   17743.871     0.875000        17923         8.00
   17940.479     0.887500        18168         8.89
   18169.855     0.900000        18442        10.00
   18382.847     0.912500        18696        11.43
   18628.607     0.925000        18948        13.33
   18874.367     0.937500        19198        16.00
   19021.823     0.943750        19318        17.78
   19185.663     0.950000        19457        20.00
   19316.735     0.956250        19574        22.86
   19480.575     0.962500        19702        26.67
   19660.799     0.968750        19838        32.00
   19742.719     0.971875        19895        35.56
   19873.791     0.975000        19961        40.00
   19988.479     0.978125        20026        45.71
   20119.551     0.981250        20087        53.33
   20267.007     0.984375        20150        64.00
   20348.927     0.985938        20186        71.11
   20430.847     0.987500        20213        80.00
   20561.919     0.989062        20246        91.43
   20660.223     0.990625        20278       106.67
   20774.911     0.992188        20315       128.00
   20824.063     0.992969        20328       142.22
   20905.983     0.993750        20346       160.00
   20955.135     0.994531        20361       182.86
   21020.671     0.995313        20377       213.33
   21086.207     0.996094        20392       256.00
   21168.127     0.996484        20398       284.44
   21200.895     0.996875        20406       320.00
   21282.815     0.997266        20416       365.71
   21364.735     0.997656        20421       426.67
   21430.271     0.998047        20430       512.00
   21512.191     0.998242        20434       568.89
   21561.343     0.998437        20437       640.00
   21643.263     0.998633        20442       731.43
   21708.799     0.998828        20445       853.33
   21774.335     0.999023        20449      1024.00
   21807.103     0.999121        20451      1137.78
   21839.871     0.999219        20453      1280.00
   21987.327     0.999316        20457      1462.86
   21987.327     0.999414        20457      1706.67
   22020.095     0.999512        20459      2048.00
   22036.479     0.999561        20460      2275.56
   22216.703     0.999609        20461      2560.00
   22380.543     0.999658        20462      2925.71
   22446.079     0.999707        20463      3413.33
   22511.615     0.999756        20464      4096.00
   22511.615     0.999780        20464      4551.11
   22560.767     0.999805        20465      5120.00
   22560.767     0.999829        20465      5851.43
   22839.295     0.999854        20466      6826.67
   22839.295     0.999878        20466      8192.00
   22839.295     0.999890        20466      9102.22
   22855.679     0.999902        20467     10240.00
   22855.679     0.999915        20467     11702.86
   22855.679     0.999927        20467     13653.33
   22855.679     0.999939        20467     16384.00
   22855.679     0.999945        20467     18204.44
   23576.575     0.999951        20468     20480.00
   23576.575     1.000000        20468          inf
#[Mean    =    12781.244, StdDeviation   =     3935.920]
#[Max     =    23560.192, Total count    =        20468]
#[Buckets =           27, SubBuckets     =         2048]
----------------------------------------------------------
  30696 requests in 30.00s, 5.39MB read
  Socket errors: connect 0, read 0, write 0, timeout 1
Requests/sec:   1023.26
Transfer/sec:    183.87KB
