Using argument nginx
using  args: threads=4 and connections=512 and duration=30 and requests=4000
Running 30s test @ http://10.10.1.7:8080/wrk2-api/user-timeline/read
  4 threads and 512 connections
  Thread calibration: mean lat.: 4224.142ms, rate sampling interval: 15269ms
  Thread calibration: mean lat.: 4315.830ms, rate sampling interval: 15515ms
  Thread calibration: mean lat.: 4181.549ms, rate sampling interval: 15187ms
  Thread calibration: mean lat.: 4230.607ms, rate sampling interval: 15245ms
  Thread Stats   Avg      Stdev     99%   +/- Stdev
    Latency    16.98s     4.95s   25.80s    58.02%
    Req/Sec   144.75      1.09   146.00    100.00%
  Latency Distribution (HdrHistogram - Recorded Latency)
 50.000%   17.02s 
 75.000%   21.25s 
 90.000%   23.81s 
 99.000%   25.80s 
 99.900%   26.53s 
 99.990%   27.16s 
 99.999%   27.21s 
100.000%   27.21s 

  Detailed Percentile spectrum:
       Value   Percentile   TotalCount 1/(1-Percentile)

    7127.039     0.000000            1         1.00
   10190.847     0.100000         1156         1.11
   11837.439     0.200000         2315         1.25
   13524.991     0.300000         3467         1.43
   15294.463     0.400000         4620         1.67
   17022.975     0.500000         5784         2.00
   17874.943     0.550000         6359         2.22
   18694.143     0.600000         6936         2.50
   19496.959     0.650000         7514         2.86
   20381.695     0.700000         8091         3.33
   21250.047     0.750000         8665         4.00
   21659.647     0.775000         8961         4.44
   22069.247     0.800000         9250         5.00
   22462.463     0.825000         9529         5.71
   22921.215     0.850000         9828         6.67
   23330.815     0.875000        10109         8.00
   23576.575     0.887500        10252         8.89
   23805.951     0.900000        10402        10.00
   24035.327     0.912500        10548        11.43
   24264.703     0.925000        10684        13.33
   24510.463     0.937500        10832        16.00
   24625.151     0.943750        10909        17.78
   24723.455     0.950000        10973        20.00
   24854.527     0.956250        11045        22.86
   24985.599     0.962500        11121        26.67
   25116.671     0.968750        11199        32.00
   25165.823     0.971875        11227        35.56
   25264.127     0.975000        11266        40.00
   25346.047     0.978125        11301        45.71
   25444.351     0.981250        11335        53.33
   25559.039     0.984375        11371        64.00
   25640.959     0.985938        11390        71.11
   25690.111     0.987500        11408        80.00
   25755.647     0.989062        11426        91.43
   25837.567     0.990625        11446       106.67
   25903.103     0.992188        11462       128.00
   25952.255     0.992969        11472       142.22
   25985.023     0.993750        11483       160.00
   26034.175     0.994531        11493       182.86
   26050.559     0.995313        11496       213.33
   26132.479     0.996094        11506       256.00
   26181.631     0.996484        11510       284.44
   26230.783     0.996875        11518       320.00
   26247.167     0.997266        11522       365.71
   26263.551     0.997656        11525       426.67
   26312.703     0.998047        11528       512.00
   26345.471     0.998242        11530       568.89
   26411.007     0.998437        11532       640.00
   26492.927     0.998633        11535       731.43
   26525.695     0.998828        11538       853.33
   26542.079     0.999023        11539      1024.00
   26558.463     0.999121        11540      1137.78
   26607.615     0.999219        11541      1280.00
   26640.383     0.999316        11543      1462.86
   26820.607     0.999414        11544      1706.67
   26853.375     0.999512        11545      2048.00
   26853.375     0.999561        11545      2275.56
   26935.295     0.999609        11546      2560.00
   27000.831     0.999658        11547      2925.71
   27000.831     0.999707        11547      3413.33
   27017.215     0.999756        11548      4096.00
   27017.215     0.999780        11548      4551.11
   27017.215     0.999805        11548      5120.00
   27164.671     0.999829        11549      5851.43
   27164.671     0.999854        11549      6826.67
   27164.671     0.999878        11549      8192.00
   27164.671     0.999890        11549      9102.22
   27164.671     0.999902        11549     10240.00
   27213.823     0.999915        11550     11702.86
   27213.823     1.000000        11550          inf
#[Mean    =    16979.318, StdDeviation   =     4954.058]
#[Max     =    27197.440, Total count    =        11550]
#[Buckets =           27, SubBuckets     =         2048]
----------------------------------------------------------
  17382 requests in 30.04s, 3.05MB read
Requests/sec:    578.55
Transfer/sec:    103.96KB
