Using argument nginx
using  args: threads=4 and connections=512 and duration=30 and requests=1000
Running 30s test @ http://10.10.1.7:8080/wrk2-api/user-timeline/read
  4 threads and 512 connections
  Thread calibration: mean lat.: 2.809ms, rate sampling interval: 10ms
  Thread calibration: mean lat.: 2.812ms, rate sampling interval: 10ms
  Thread calibration: mean lat.: 2.785ms, rate sampling interval: 10ms
  Thread calibration: mean lat.: 2.799ms, rate sampling interval: 10ms
  Thread Stats   Avg      Stdev     99%   +/- Stdev
    Latency     2.75ms    0.87ms   4.40ms   98.35%
    Req/Sec   263.56    165.92   700.00     75.11%
  Latency Distribution (HdrHistogram - Recorded Latency)
 50.000%    2.65ms
 75.000%    2.84ms
 90.000%    3.06ms
 99.000%    4.40ms
 99.900%   16.80ms
 99.990%   30.82ms
 99.999%   34.91ms
100.000%   34.91ms

  Detailed Percentile spectrum:
       Value   Percentile   TotalCount 1/(1-Percentile)

       2.047     0.000000            1         1.00
       2.391     0.100000         2029         1.11
       2.467     0.200000         4003         1.25
       2.531     0.300000         6020         1.43
       2.591     0.400000         7995         1.67
       2.651     0.500000         9987         2.00
       2.683     0.550000        10960         2.22
       2.717     0.600000        11971         2.50
       2.753     0.650000        12947         2.86
       2.793     0.700000        13925         3.33
       2.839     0.750000        14926         4.00
       2.865     0.775000        15427         4.44
       2.893     0.800000        15913         5.00
       2.927     0.825000        16432         5.71
       2.961     0.850000        16894         6.67
       3.005     0.875000        17412         8.00
       3.031     0.887500        17644         8.89
       3.059     0.900000        17900        10.00
       3.089     0.912500        18149        11.43
       3.125     0.925000        18393        13.33
       3.171     0.937500        18633        16.00
       3.197     0.943750        18759        17.78
       3.229     0.950000        18887        20.00
       3.267     0.956250        19009        22.86
       3.305     0.962500        19130        26.67
       3.361     0.968750        19255        32.00
       3.397     0.971875        19318        35.56
       3.423     0.975000        19380        40.00
       3.481     0.978125        19443        45.71
       3.561     0.981250        19503        53.33
       3.673     0.984375        19565        64.00
       3.791     0.985938        19596        71.11
       3.973     0.987500        19627        80.00
       4.155     0.989062        19658        91.43
       4.551     0.990625        19689       106.67
       5.047     0.992188        19720       128.00
       5.235     0.992969        19738       142.22
       5.455     0.993750        19751       160.00
       5.943     0.994531        19767       182.86
       7.351     0.995313        19782       213.33
       8.567     0.996094        19798       256.00
       9.167     0.996484        19806       284.44
       9.671     0.996875        19813       320.00
      10.527     0.997266        19821       365.71
      11.383     0.997656        19829       426.67
      12.839     0.998047        19837       512.00
      13.351     0.998242        19841       568.89
      13.863     0.998437        19844       640.00
      14.567     0.998633        19848       731.43
      15.799     0.998828        19852       853.33
      16.943     0.999023        19856      1024.00
      16.991     0.999121        19858      1137.78
      17.727     0.999219        19860      1280.00
      18.527     0.999316        19862      1462.86
      18.927     0.999414        19864      1706.67
      19.871     0.999512        19866      2048.00
      20.015     0.999561        19867      2275.56
      20.351     0.999609        19868      2560.00
      20.495     0.999658        19869      2925.71
      22.367     0.999707        19870      3413.33
      22.815     0.999756        19871      4096.00
      22.815     0.999780        19871      4551.11
      22.847     0.999805        19872      5120.00
      22.847     0.999829        19872      5851.43
      30.815     0.999854        19873      6826.67
      30.815     0.999878        19873      8192.00
      30.815     0.999890        19873      9102.22
      34.623     0.999902        19874     10240.00
      34.623     0.999915        19874     11702.86
      34.623     0.999927        19874     13653.33
      34.623     0.999939        19874     16384.00
      34.623     0.999945        19874     18204.44
      34.911     0.999951        19875     20480.00
      34.911     1.000000        19875          inf
#[Mean    =        2.752, StdDeviation   =        0.871]
#[Max     =       34.880, Total count    =        19875]
#[Buckets =           27, SubBuckets     =         2048]
----------------------------------------------------------
  29634 requests in 30.00s, 5.20MB read
  Socket errors: connect 0, read 0, write 0, timeout 148
Requests/sec:    987.67
Transfer/sec:    177.47KB
